// Reference=MNI
// Dade L A, 2001: Face Working Memory - Baseline
// Dade L A, 2001: Conjunction Analysis
// Subjects=12
-35	51	3
34	56	-2
-28	49	16
-39	5	45
-42	20	36
38	34	41
-46	41	-11
-32	27	5
8	20	50
1	-28	24
11	30	32
16	39	18
-8	6	62
17	12	56
31	3	60
-32	-25	60
-5	-26	59
-62	-33	-8
66	-35	-11
-13	-35	66
-40	-47	44
-5	-64	48
40	-56	50
7	-68	47
-34	51	5
28	56	-2
-42	10	41
-41	20	35
40	36	32
-47	39	-11
-35	-52	48
-44	-54	50
40	-56	50
8	-69	51

// Clark C R, 2000: Variable Target > Fixed Target
// Subjects=10
-38.97	-56.98	45.77
-34.75	-4.83	59.19
-37.16	31.86	38.3
44.42	-58.25	49.38
41.98	24.21	42.49

// Cohen J D, 1997: Load
// Subjects=10
40.74	37.81	25.75
8.75	35.05	34.16
-42.63	10.74	13.36
49.33	17.43	22.9
-36	6.49	40.41
35.73	12.69	59.14
14.58	-58.72	59.79
-41.15	-46.42	44.91
48.67	-53.02	47.77

// Honey G D, 2000: Activation vs. Baseline
// Subjects=20
-35.81	-51.93	41.96
-44.72	21.1	23.67
38.42	52.38	7.83
1.44	13.74	48.29
-44.5	-1.85	43.44
35.74	-2.55	54.84
-19.8	-9.22	56.04
-36.15	-76.3	-11.75
-36.18	-67.84	-12.46
28.99	-73.17	-18.34

// Jonides J, 1997: 3-back minus Control, Activations
// Jonides J, 1997: 2-back minus Control, Activations
// Subjects=19
-26.28	1.06	51.91
-49.92	5	36.23
-20.8	-66.73	41.91
-35.83	-47.78	40.5
-45.75	11.66	25.59
-40.62	48.99	12.36
-67.19	0.9	12.24
-59.68	17.75	23.01
-26.72	14.03	-.48
-38.57	-46.39	-37.65
-34.34	-61.06	-48.74
29.3	4.73	53.19
33.7	-56.54	44.9
46.07	37.76	24.58
46.17	6.92	24.93
40.57	53.7	11.04
28.84	22.03	1.56
26.44	51.14	-20.93
38.52	-58.65	-24.13
28.72	-63.85	-49.23
-1.83	13.03	39.47
9.71	-12.18	1.3
2.19	-19.26	-6.94
4.41	-73.32	-18.04
-26.27	-1.06	52.08
-35.81	-49.73	42.89
-20.81	-63.56	41.65
-53.11	-4.71	34.85
-38.24	4.3	26.12
-40.43	-75.36	-12.9
-40.53	-58.78	-18.75
-38.64	-54.74	-49.22
31.44	7.03	55.2
39	-46.99	44.03
33.69	-58.83	42.86
48.22	35.66	24.73
45.94	56.19	15.23
14.02	-14.02	4.75
38.52	-58.65	-24.13
23.58	-66.14	-23.33
36.28	-55.29	-35.53
23.39	-63.71	-46.95
-1.83	13.03	39.47
-5.23	-16.5	1.84
4.32	-54.45	-21.85
0	-74.71	-35.72

// Smith E E, 1996: Verbal 3-Back - Control
// Smith E E, 1996: Verbal 2-Back - Control
// Subjects=30
-37.94	-47.46	44.96
-40.48	37.24	25.62
-38.47	49.17	14.55
-38.66	59.26	-6.36
12.41	-62.42	53.44
38.52	46.89	19.44
-4.9	8.93	55.46
-28.42	6.5	53.7
-16.48	-58.53	51.21
-33.69	-44.43	42.42
-43.69	20.76	19.23
-31.16	-54.69	-49.31
-26.85	-74.13	-53.3
-29.03	-69.02	-55.94
27.14	8.95	52.86
29.49	-52.54	55.76
14.54	-62.4	53.41
2.19	-68.64	-26.22
26.6	-68.09	-48.85
4.57	17.3	39.04

// Awh E, 1996: Subject Group 2
// Subjects=9
-33.69	-44.43	42.42
-16.48	-58.53	51.21
-43.69	20.76	19.23
-28.42	6.5	53.7
-26.85	-74.13	-53.3
-4.9	8.93	55.46
14.54	-62.4	53.41
29.49	-52.54	55.76
27.14	8.95	52.86
2.19	-68.64	-26.22
36.37	-64.21	-26.98
-1.84	17.26	39.11

// Ragland J D, 2002: Letter 1Back - 0Back
// Ragland J D, 2002: Fractal 2Back - 0Back
// Subjects=11
39.59	26.03	11.14
39.71	22.83	24.79
31.32	-1.91	35.88
40.01	-39.93	38.97
-32.59	-48.48	44.98
-45.46	-35.87	44.07
-24.62	24.62	-1.39
35.22	24.98	-2.11
-33.22	46.06	1.37
43.9	35.2	19.24
-41.57	30.46	20.62
-45.7	9.97	31.31
1.31	32.09	37.83
44.35	-48.02	44.06
-28.3	-52.68	45.28

// Honey G D, 1999: Normals
// Subjects=10
-39.01	-51.95	42
35.83	-63.13	42.08
-44.58	7.23	37.1
38.43	49.2	8.09
-36.32	21.81	4.56
-1.76	13.72	48.33
-44.54	7.66	42.64
-41.21	-9.78	50.76
19.43	-79.14	-12.15
-33	-71.42	-17.77
35.73	-.43	54.66
-41.5	-73.16	-11.95

// Honey G D, 2002: Normals
// Subjects=20
-35.81	-51.93	41.96
-44.72	21.1	23.67
38.42	52.38	7.83
1.44	13.74	48.29
-44.5	-1.85	43.44
35.74	-2.55	54.84
-19.8	-9.22	56.04
-36.15	-76.3	-11.75
-36.18	-67.84	-12.46
28.99	-73.17	-18.34

// Honey G D, 2003: Normals
// Subjects=27
-43.24	-53.66	47.77
-44.58	7.23	37.1
41.64	47.11	8.23
-33.16	21.4	-1.02
56.76	18.02	16.07
4.65	13.76	48.25
-44.51	1.32	43.17
-39.36	-73.15	-11.98
35.42	-67.41	-13.32
-11.58	-82.93	-17.05
32.17	-67.86	-18.82

// Petrides M, 1993: Self-ordered - Control
// Petrides M, 1993: Conditional - Control
// Subjects=9
-39.24	14.93	39.74
-36.26	34.55	17.99
-6.32	39.3	21.7
-2	34.3	25.42
-32.63	-45.65	40.28
-24.02	-54.77	45.41
38.53	37.03	15.8
25.99	13.54	43.57
10.93	30.03	37.9
26.15	-55.07	37.05
18.65	-55.37	33.82
-15.79	29.78	37.11
-4.21	34.66	16.49
-34.78	-43.55	40.13
-27.24	-52.76	44.16
21.88	-52.81	39.14
6.89	-58.7	33.12
1.44	-29.13	30.7

// Drobyshevsky A, 2006: Working Memory
// Subjects=31
-48.02	14.68	9.75
51.35	16.24	7.36
-32.7	1.99	50.79
37.85	4.87	54.19
-29.98	57.34	9.31
37.3	62.86	5.85
2.56	10.92	52.98
-23.97	-62	48.25
22.01	-66.84	50.35
-37.94	-53	42.08
43.29	-50.14	44.25

// Cairo T A, 2004: Encoding, Linear Regression with Load
// Subjects=18
-8	2	56
-44	-6	44
40	-2	48
-52	8	14
52	8	18
36	44	24
-28	-48	42
40	-36	42
-24	-64	36
8	-56	50
16	-68	52
-48	-62	-14
48	-54	-8
-16	-88	26
16	96	-4
-24	8	0
16	16	-4
-12	20	-8
12	16	-4
-12	0	0
16	0	4
-16	-16	-6
12	-8	12
-12	12	-8
12	-16	-2
-36	-64	-18
32	-60	-18

// Perlstein W M, 2003: Normals
// Subjects=15
36.77	6.89	52.92
6.7	19.43	38.83
43.86	41.38	16.49
-38.42	41.94	17.39
48.15	18.51	9.44
-40.52	18.15	12.72
47.54	-53.63	40.03
-35.8	-50.79	42.98
2.19	15.95	7.95

// Linden D E J, 2003: Middle and Late Delay
// Subjects=12
-38.27	19.36	28.2
35.44	33.81	29.49
-25.17	-5.11	54.64
28.25	-6.02	51.87
-5.06	22.62	39.82
9.89	17.08	35.65
-4.92	3.21	50.36
12.13	0.6	42.58
-51.05	7.65	29.33
36.81	-31.15	42.73
-45.46	-42.47	41.28
-36.87	-45.25	45.87
-28.3	-63.69	40.63
36.87	-43.66	46.01
-17.6	-67.85	40.86

// Harvey P O, 2005: Healthy Subjects
// Subjects=10
-33	-45	42
-12	-69	48
15	-60	42
51	-30	36
42	-63	36
9	39	33
-45	18	21
-39	45	6
39	45	9
48	39	24

// Mendrek A, 2005: Normal Subjects
// Subjects=12
-44	-4	36
44	28	24
32	-4	60
-40	48	20
40	-56	48
36	-68	40
-32	-72	44
-40	-52	44
-36	-60	-40
40	-64	-36
4	-16	12
-8	-20	12

// Bedwell J S, 2005: Brain regions significantly active during retrieval 
// period
// Subjects=14
41.87	56.8	-12.04
-50.55	17.49	20.32
37.64	21.38	-11.82
-33.71	25.17	-13.23
-5.07	40.38	32.97
3.64	38.69	37.47
-30.66	-49.16	41.14
1.18	39.7	13.88
-31.35	-20.34	-6.52
5.38	-13.73	-6.68

// Sanchez-Carrion R, 2008: Healthy Controls
// Subjects=14
24	4	62
-4	6	60
-52	12	26
-34	24	2
-36	44	24
-40	50	8
34	22	4
-42	-46	46
-22	-66	42
-32	-56	48
40	-54	52
44	-46	44
16	-68	56
8	-76	-26
32	-56	-38
-34	-56	-38
-52	10	24
-30	-2	46
-32	-2	56
24	2	62
4	20	44
-34	26	6
42	32	34
40	46	20
52	10	30
-42	50	10
-34	42	20
34	22	4
-20	-68	40
-38	-48	44
44	-46	46
34	-74	36
14	-82	-26
38	-66	-32

// Drapier D, 2008: Healthy Relatives
// Subjects=20
-34.37	60.51	-4.29
-33.69	-46.63	41.49
44.32	-46.16	40.56
-30.06	60.97	1.2
47.07	34.88	14.77

// Drapier D, 2008: Healthy Controls
// Subjects=20
-33.63	-50.43	47.39
47.11	38.57	21.15
-33.16	21.4	-1.02
1.42	21.14	47.67
-33.38	55.35	-16.13
-37.44	48.75	9
39.4	24.06	-14.34
-33.63	-50.43	47.39
-37.38	-68.16	-30.26
-29.95	21.42	-1.06
5.63	23.83	40.71
47.14	31.16	21.77
-33.17	48.77	8.95

// Malisza K L, 2005: Healthy Adults
// Subjects=9
12	8	62
-4	2	64
-40	48	22
26	0	44
-36	54	-18
54	42	10
48	4	36
-38	-52	52
-54	-54	42

// Lee T W, 2013: Healthy Controls
// Subjects=14
16.46	6.77	53.17
-23.05	4.59	56.03
37.8	-2.25	44.76
36.46	46.59	29.52
-42.32	4.13	51.83
-32.66	13.42	60.98
-38.58	49.11	0.06
63.29	13.8	29.73
-39.71	50.71	-6.75
50.42	11.09	23.42
-45.81	13.26	18.77
49.52	1.88	42.04
-48.94	4.15	25.14
-34.8	-5.34	52.54
14.34	6.93	55.41
-6.09	21.9	44.35
8.82	24.82	39.47
5.73	5.13	46.74
-1.81	9.95	40.84
9.91	21.74	40.83
-7.14	13.35	43.96
29.41	-55.6	43.75
-22.93	-67.8	42.03
38.99	-63.63	35.39
-36.79	-54.34	52.21
35.52	-56.53	3.61
-35.82	-49.9	40.68
8.13	-70.19	49.68
-7.88	-67.82	54.13
52.45	-36.13	-9.45
-44.68	-55.32	-1.15
-68.33	-21.8	-5.92
52.46	-51.45	-14.85
-48.88	-68.84	3.38
25.92	-60.73	5.19
-14.64	-69.26	8.6
46.02	-46.29	-16.33
-43.64	-62.17	-7.27
-28.39	-72.29	25.74
54.69	-65.81	-8.1
3.72	-95.7	22.87
-34.95	-77.21	3.92
2.45	-96.71	-3.79
1.34	-92.74	-7.46
34.13	21.46	-6.26
27.78	20.96	1.66
24.68	-8.67	4.18
-17.04	-8.37	-2.05
17.26	0.69	15.75
-14.82	-.82	12.9
19.39	-13.64	9.12
-14.85	-8.82	5.76
9.56	-30.19	-25.07
-13.92	-22.41	-18.76
10.71	-18.41	-10.45
-8.51	-20.55	-8.94
7.46	-60.58	-32.53
-38.49	-58.74	-32.16

// Christodoulou C, 2001: Healthy Controls
// Subjects=7
-45.93	9.91	42.28
-21.94	5.06	58.04
-48.46	37.81	19.39
-39.72	51.64	29.08
-15.62	17.02	47.78
-50.82	-20.62	-8.4
-67.76	-44.34	14.4
57.53	-35.39	11.38
64.31	-52.85	30.92
61.62	-19.6	-3.7
-35.4	-31.46	12.58
-41.46	-43.67	43.02
62.08	-35.84	29.28
48.99	-25.87	21.79
53.44	-29.28	31.02
40.6	-45.93	37.37
-52.67	-20.47	16.27
33.67	-25.25	6.3
18.53	0.85	10.7
-7.39	-10.09	9.98
5.4	-2.57	-2.18
20.67	-8.07	7.07
14	-20.39	-9.53
18.09	-79	-39.66

// Ellis K A, 2007: Task Activation (1- and 2-Back, Balanced Drink)
// Subjects=10
50	34	26
52	16	32
-34	2	54
-32	-56	44
42	-62	54
12	20	44
14	-92	18

// Antonova E, 2009: Younger Normals
// Subjects=10
51.42	38.93	25.53
58.86	18.75	11.53
47.03	17.9	1.7
55.71	10.61	16.71
-25.1	-14.29	59.87
28.25	-6.02	51.87
-36.89	-42.16	44.5
44.31	-38.5	43.26
35.4	-38.01	-4.63
47.18	-45.34	-4.15
-18.11	-27.04	-9.4
35.41	-49.98	-8.09
-53.22	-58.63	-1.89
35.36	-46.01	-11.77
-25.53	-42.95	-7.98
59.19	-30.55	34.62
-32.59	-41.88	47.77
35.74	-70.68	27.1
-32.71	-32.16	35.81
13.34	-41.86	43.9
16.38	-43.55	21.7
-22.36	-19.06	-2.21
25.24	-73.26	49.74
-13.2	-61	60.3
-13.28	-78.32	42.8
28.33	-74.35	35.3
16.38	-97.34	0.56
-25.28	-88.61	7
-10.42	-98.35	-10.2
-10.46	-94.38	-13.88
20.47	-86.08	-19.39
-6.28	-14.14	5
12.97	-18.25	5.12
24.7	-21.7	0.81

