// Reference=MNI
// Cabeza R, 2002: WM - Fixation
// Subjects=20
-43.99	12.61	25.17
-47.08	5.03	36.06
27.72	-.5	53.26
-51.4	-38.78	27.02
9.41	-63.6	45.25
-44.02	20.06	24.43
-34.71	29.09	-5.75
34.44	29.33	-6.95
2.95	8.76	61.73
2.89	8.34	57.29
-18.61	-67.53	50.6
27.86	-70.56	50.11
-26.23	-67.98	46.29
2.91	-39.7	48.6
-16.25	-90.54	-23.37
23.72	-90.4	-24.06
-27.06	-88.45	-23.39
23.71	-86.14	-24.48
-19.51	-27.2	-11.65
23.71	-27.05	-12.4
-16.19	-33.16	-6.63
20.55	-33.03	-7.27
2.51	25.2	30.98
-8.51	-21.35	4.4
12	-17.03	3.62
-16.22	5.96	-1.54
20.51	6.09	-2.18
-1.83	-87.69	6.36
12.21	-83.28	6.81
-5.06	-90.89	6.73
12.18	-74.77	5.97
-43.65	-5.62	48.26
-29.49	-16.75	54.72

// Dade L A, 2001: Face Working Memory - Baseline
// Subjects=12
-35	51	3
34	56	-2
-28	49	16
-39	5	45
-42	20	36
38	34	41
-46	41	-11
-32	27	5
8	20	50
1	-28	24
11	30	32
16	39	18
-8	6	62
17	12	56
31	3	60
-32	-25	60
-5	-26	59
-62	-33	-8
66	-35	-11
-13	-35	66
-40	-47	44
-5	-64	48
40	-56	50
7	-68	47

// Garavan H, 2000: VSWM vs. CTL
// Subjects=5
-45.75	7.26	23.73
-39.43	32.67	21.53
39.62	38.35	19.03
22.87	5.67	52.07
-37.06	1.11	39.76
-6.07	18.81	45.72
0.41	-47.37	28.9
-.91	35.7	29.75
-33.17	22.37	-2.22
35.21	25.95	-3.3
-30.41	-51.3	49.65
31.57	-47.67	49.75
-11.04	-68.47	59.79
28.4	-79.21	41.28
0.6	-47.68	52.34
-33.71	-75.41	27.18
48.27	-53.88	-4.56

// Leveroni C L, 2000: Newly-learned faces > Foils
// Subjects=11
-4.88	12.44	59.63
-37.86	-67.55	46.64
-3.7	-49.02	49.15

// Carlson S, 1998: Two-Back vs. Zero-Back
// Carlson S, 1998: Two-Back vs. One-Back
// Subjects=7
41.85	28.39	27.64
-38.32	37.51	28.91
20.78	9.42	59.58
-23.13	20.19	51.38
3.62	16.38	54.74
-8.12	16.4	55.99
40.8	18.69	26.24
-44.72	21.18	24.78
37.28	58.29	1.77
-26.81	53.76	4
41.04	-.74	50.17
-45.59	0.08	41.06
4.93	-66.78	52.77
-2.57	-62.68	51.4
10.39	-54.54	72.88
-12.09	-60.65	64.72
32.67	-57.18	50.54
-35.72	-56.53	51.27
45.37	-49.67	36.38
-46.46	-52.79	45.5
28.31	-74.61	31.97
-21.95	-76.39	27.13
3.49	19.41	38.87
-1.81	16.55	43.63
7.93	-50.24	32.4
-3.88	-49.76	25.8
37.37	19.62	-2.8
-37.39	13.08	1.96
43.86	39.18	15.56
-35.15	45.99	28.17
27.09	18.29	49.85
-26.31	12.77	52.04
13.26	16.61	56.84
-10.33	29.96	52.64
57.66	27.31	-1.44
-52.22	21.94	21.46
13.7	58.43	-8.01
-12.89	61.76	9.86
54.89	5.43	46.15
-36.95	-3.24	52.39
10.24	-59.43	50.98
-6.8	-56.73	59.87
27.38	-56.7	57.25
-18.53	-58.74	62.41
32.59	-55.83	40.39
-37.91	-59.26	43.71
46.46	-46.15	40.53
-44.37	-54.35	38.92
37.81	-79.01	15.51
-27.27	-80.57	28.65
6.51	34.01	20.89
-2.86	10.11	43.07
31.03	14.89	5.48
-45.98	14.72	-3.66

// Subjects=0

// Martinkauppi S, 2000: 3-Back vs. 1-Back
// Martinkauppi S, 2000: 2-Back vs. 1-Back
// Subjects=10
5.71	21.42	50.95
-2.77	20.91	58.89
27.12	13.09	51.4
-23.09	14.11	55.24
43.94	37.83	25.71
-42.58	40.91	32.02
42.05	19.44	49.58
-39.21	20.73	45.94
49.25	22.12	14.7
-45.87	22.52	14.64
32.97	55.63	-4.65
-35.37	56.88	3.84
45.19	3.46	35.27
-42.41	8.65	41.42
26.33	-65.25	56.86
-22.85	-65.88	53.02
39.12	-51.25	57.77
-35.76	-48.16	49.45
46.48	-46.95	43.94
-48.61	-47.43	46.19
8.1	-60.58	49.99
-4.65	-64.29	58.25
55.76	-46	0.26
-52.09	-52.48	8.74
46.17	-65.61	-4.67
-50.06	-57.98	-7.55
8.73	22.73	26.27
-2.97	21.06	33.23
6.86	-40.38	36.04
-.68	-43.23	27.45
37.43	20.3	6.07
-34.2	19.53	2.49
5.68	25.48	48.37
-1.74	28.24	57.15
25.05	8.31	58.51
-22.01	12	55.4
42.9	37.02	29.14
-42.56	30.17	30.69
38.82	17.05	46.47
-38.14	20.73	45.93
43.86	24.91	10.07
-45.88	24.55	13.36
23.35	56.63	-4.62
-24.65	56.14	7.12
45.24	-1.49	40.15
-40.25	0.12	40.99
22.05	-54.36	60.46
-20.7	-62.44	56.05
34.76	-48.88	47.59
-36.83	-49.22	49.55
44.36	-48.99	45.25
-40.03	-54.7	47.82
7.06	-56.99	55.28
-4.68	-62.43	54.75
53.63	-41.61	2.15
-49.97	-53.7	6.59
-47.95	-58.23	-10.9
9.7	34.91	18.54
-4.1	25.91	27.26
10.08	-42.39	37.29
40.63	5.98	-.57
-37.39	10.88	1.03

// Grasby P M, 1994: Positive Correlations of Word List Length
// Subjects=6
3.38	-80.55	-15.19
3.28	-44.26	-13.78
-28.69	-76.51	-15.16
26.84	-76.52	-20.26
-24.82	51.08	-16.99
32.98	52.46	-4.39
41.66	45.08	9.52
3.36	-28.08	2.71
-1.01	-2.73	0.63
-22.42	25.32	7.45
18.15	27.33	2.35
1.23	24.71	25.07
27.28	-63.27	41.07
-6.87	-58.56	49.99
24.98	5.42	48.72
-30.57	11.78	53.29

// LaBar K S, 1999: Working Memory
// Subjects=11
33	15	48
30	6	54
-27	9	54
-21	18	54
-39	15	27
3	-63	45
45	-60	33
39	-60	-45

// Cairo T A, 2004: Encoding, Linear Regression with Load
// Subjects=18
-8	2	56
-44	-6	44
40	-2	48
-52	8	14
52	8	18
36	44	24
-28	-48	42
40	-36	42
-24	-64	36
8	-56	50
16	-68	52
-48	-62	-14
48	-54	-8
-16	-88	26
16	96	-4
-24	8	0
16	16	-4
-12	20	-8
12	16	-4
-12	0	0
16	0	4
-16	-16	-6
12	-8	12
-12	12	-8
12	-16	-2
-36	-64	-18
32	-60	-18

// Koppelstaetter F, 2008: 2 Back - 0 Back, Placebo
// Subjects=15
-2.8	24.74	37.84
-42.07	37.11	11.51
-28.57	12.72	48.43
-28.35	-57.89	50.93
-50.03	-33.3	51.11
-6.71	-57.51	53.89
-15.8	-97	10.88
-33.61	-68.16	-24.16
5.84	24.77	37.69
52.96	32.77	5.84
31.89	8.26	43.36
27.77	-58.11	45.51
53.61	-37.92	41.95
23.56	-61.65	53.78
23.1	-96.86	10.21
31.11	-69.83	-34.07

// Malisza K L, 2005: Healthy Children
// Subjects=14
24	-22	28
24	0	52
-44	4	30
28	58	16
34	50	24
-30	52	30
12	-10	62
16	-78	46
-8	-60	48
40	-4	54
42	-4	34
-42	-6	54
-46	0	50

