// Reference=MNI
// Subjects=0

// Indovina I, 2001: Move-Attend vs. No-Move
// Indovina I, 2001: Attend vs. No-Move
// Subjects=9
-44	-18	56
-54	-28	56
-26	-2	54
-42	-30	42
48	-22	48
62	-22	40
60	-16	14
36	-64	56
54	-26	44
-2	-4	54
-4	16	46
8	18	44
-4	14	38
-32	16	4
42	24	-2
56	20	-4
54	18	18
42	26	-20
-32	-66	-28
-14	-62	-26
36	-54	-34
10	-62	-18
-2	-88	-24
-2	8	56
-6	14	38
48	-20	46
54	-14	38
38	-26	46
42	-8	50
38	22	2
-40	-70	-30
-38	-62	-20
42	-70	-30

// Rao S M, 1997: Continuation-300 vs. Rest
// Subjects=13
-35.77	-19.72	59.33
17.16	-56.41	-20.72
0.47	1.56	56.02
-28.75	-10.13	3.8
-11.61	-19.46	5.5
65.42	-17	16.68
60.94	12.7	1.97

// van Mier H, 1998: Normal Subjects - Left Tracing
// Subjects=16
36.9	-18.14	59.48
-14.78	-62	-7.62
2.58	0.17	51.65
26.14	-3.58	56.15
-25.12	-3.54	61.2
-35.71	-39.9	59.91
17.84	-58.1	67.51
-18.51	-56.37	65.55
27.9	-60.14	-14.96
17.08	-72.67	-38.32
-32.12	-49.18	-33.03
-49.19	-5.11	-12
36.9	-18.14	59.48
-14.78	-62	-7.62
2.58	0.17	51.65
26.14	-3.58	56.15
-25.12	-3.54	61.2
41.22	-41.81	55.84
17.84	-58.1	67.51
-18.51	-56.37	65.55
27.9	-60.14	-14.96
17.08	-72.67	-38.32
-32.12	-49.18	-33.03
-49.19	-5.11	-12
36.9	-18.14	59.48
-14.78	-62	-7.62
2.58	0.17	51.65
26.14	-3.58	56.15
-25.12	-3.54	61.2
41.22	-41.81	55.84
17.84	-58.1	67.51
-18.51	-56.37	65.55
27.9	-60.14	-14.96
17.08	-72.67	-38.32
-32.12	-49.18	-33.03
-49.19	-5.11	-12
36.9	-18.14	59.48
-14.78	-62	-7.62
2.58	0.17	51.65
26.14	-3.58	56.15
-25.12	-3.54	61.2
41.22	-41.81	55.84
17.84	-58.1	67.51
-18.51	-56.37	65.55
27.9	-60.14	-14.96
17.08	-72.67	-38.32
-32.12	-49.18	-33.03
-49.19	-5.11	-12

// Gerardin E, 2000: Motor Execution vs. Rest
// Gerardin E, 2000: Motor Execution vs. Motor Imagination
// Subjects=8
57	18	24
39	-15	63
-42	-18	66
42	-3	60
-36	-3	66
6	6	57
-9	9	51
3	-3	66
-3	3	66
42	-33	60
-48	-24	57
36	-36	66
-30	-42	66
-45	-36	60
60	-9	15
-60	-15	21
24	18	6
-30	6	6
27	-9	12
-33	-3	6
15	-12	9
-18	-15	9
21	-45	-18
-27	-45	-18
39	-15	63
-42	-18	69
24	-9	75
-36	-6	69
3	0	57
-3	-3	57
48	-30	60
-51	-18	60
51	-9	15
-51	-15	15
3	6	42
-6	9	42
30	3	0
-30	-3	3
15	-12	9
-18	-15	9
21	-45	-18
-27	-45	-18

// Simon O, 2002: Grasping vs. Grasping Control
// Simon O, 2002: Pointing vs. Pointing Control
// Subjects=10
-16	-4	68
24	0	60
-48	48	16
-28	-12	64
-64	8	16
60	12	32
52	8	12
-8	4	44
4	4	52
-40	-28	56
-44	-36	52
40	-44	52
-12	-68	56
16	-68	52
64	-32	28
-36	16	8
-12	-8	60
4	4	56
24	0	56
-8	4	44
-32	-12	64
-40	-28	56
-36	-44	56
-16	-76	48
16	-68	52
36	-48	56
40	-40	60
-8	-60	56
28	-76	32
-24	12	4
24	4	4
-12	-20	8

// Gelnar P A, 1999: Motor vs. Rest
// Subjects=8
-2.77	-3.2	49.76
1.71	-3.24	76.48
-43.29	-9.11	59.64
-36.77	-23.36	67.46
-47.6	-24.96	47.64
-52.04	-17.9	29.26
-47.58	-31.31	48.17
-36.74	-29.7	67.99

// Subjects=0

// Rubia K, 2001: Generic Stop Activation
// Subjects=15
53.46	5	-.64
43.83	20.17	3.77
-41.68	12.89	-.21
53.91	-39.76	39.91
4.71	8.9	54.24
7.7	30.81	34.52

// Corfield D R, 1999: Tongue Contraction - Rest
// Subjects=8
-62	-6	22
64	-4	18
-2	14	54
2	6	52
-8	16	34
10	10	32
-62	6	4
64	12	0
-46	6	0
44	6	2
22	2	0
-14	-14	2
16	-14	4
-14	-56	-18
24	-60	-20
-14	-64	-48
14	-66	-48

// Paus T, 1993: Group 1 Normals
// Subjects=8
-36.88	-24.47	53.05
-2.81	10.63	49.72
47.54	-33.91	47.3
2.39	-29.26	15.09
-12.75	-21.29	-4.37
-53.1	-7.96	34.01
67.53	-.78	19.76
-2.72	3.91	59.2
63.18	-24.64	0.62
-58.62	-18.6	7.09
4.68	-78.23	14.71

// Binkofski F, 2000: Somatosensory Guided Movement vs. Rest
// Subjects=6
-44	-32	46
39	-9	49
59	2	27
-38	-10	50
4	0	50
-5	-4	50
38	-38	44
-40	-40	40
-40	-56	52

// Braver T S, 2001: Conjunction Analysis
// Braver T S, 2001: Disjunction Analysis
// Subjects=14
38.46	47.35	11.59
38.42	17.25	-5.96
-33.15	17.08	-1.77
3.6	8.47	48.71
61.31	-47.17	25.95
42.25	-38.89	52.24
13.48	-67.87	51.65
-6.78	-67.48	58.54
-26.72	-65.01	-31.76
35.37	45.18	25.19
48.28	13.28	24.37
54.56	8.6	4.62
13.03	23.1	30.65
16.49	12.49	58.26
57.95	-55.34	3.25
29.38	-69.06	34.84
54.95	-40.1	35.47
-58.33	-47.38	34.03
16.72	-70.76	55.2
35.99	-53.76	66.94
3.7	2.89	59.21
-.66	-1.33	46.24
-35.78	-26.41	55.43
-49.07	-4.96	3.6
-55.25	-25.67	25.48
-36.16	-76.47	-13.97
35.13	-57.21	-46.51
22.97	-6.51	59.78

// Garavan H, 2002: Successful NoGos
// Subjects=14
48.41	-18.36	28.14
40.98	9.58	45.96
54.68	-4.46	14.64
7.95	1.6	55.93
3.61	-14.51	40.6
11.07	-25.64	33.64
-5.04	-25.54	22.67
53.64	45.26	38.36
36.44	63.94	33.64
61.8	47.89	-11.02
8.54	16.45	0.03
-10.67	15.44	2.57
25.72	-5.74	0.58
-15.97	0.52	2.76
51.32	-11.56	-8.15
-28.75	-13.39	2.96

// Menon V, 2001: Go - Rest
// Subjects=14
38	-26	56
-8	2	56
44	-68	-20
-46	-68	-16
-34	-66	56
-42	-4	46
50	2	38

// Casey B J, 1998: Pooled Subjects
// Subjects=8
-.87	37.19	35.2
4.5	36.34	37.44
2.47	8.92	40.88
-52.08	-3.98	30.32
48.52	-5.18	47.11
-3.72	-6.41	63.42
4.74	1.5	54.86
-16.35	-38.5	76.3
28.52	-31.8	76.34
5.58	-59.08	0.82
31.29	-86.76	-1.61

// Casey B J, 1998: Madison Site
// Subjects=5
-17.64	4.25	64.92
-.56	-1.36	59.62
-37.98	-8.36	55.06
47.42	-19.71	38.3
41.22	-38.47	57.79
22.56	-50.32	-11.26
-26.6	-51.75	-11.69

// Ehrsson H H, 2001: Precision Grip - Baseline
// Subjects=6
-36	-20	48
0	0	48
-64	0	16
-48	-32	20
-24	0	8
-16	-16	12
-36	16	8
-40	-40	36
-40	-4	16
-12	-20	40
-52	40	20
-32	-60	40
-48	52	12
-12	-68	36
64	-36	36
56	4	8
56	0	40
56	-36	32
24	4	8
40	0	32
40	-40	36
44	32	24
28	16	4
48	-52	52
32	40	16
44	-40	16
28	-68	40
36	-64	60

// Vink M, 2005: Go/Stop and Go Only
// Vink M, 2005: Go/Stop > Go Only
// Subjects=20
-22	5	-4
22	5	-4
42	-23	56
2	-3	56
-18	10	0
18	10	-4
-6	1	60
-42	18	-4

// Astafiev S V, 2003: Pointing vs. Fixation
// Subjects=15
-25.01	-61.67	52.69
32.68	-57.09	51.64
-35.75	-46.93	51.58
39.09	-48.25	55.29
-37.97	-32.48	45.93
-9.99	-71.98	55.61
17.77	-65.47	54.75
0.61	-53.06	51.67
-27.24	-73.63	35.88
36.85	-75.7	30.85
2.63	-71.85	28.69
-23.05	-4.21	52.31
28.31	-12.02	56.84
-38.02	-6.59	50.45
38.92	-1.73	51.39
-38.21	2.44	29.62
-57.41	-1.73	32.42
36.67	1.46	37.77
53.72	5.45	32.77
-44.39	-17.2	51.41
-3.88	4.02	46.94
2.45	20.8	43.23
-31.91	36.49	28.93
25.76	27.69	20.08
40.8	17.55	25.22

// Bellgrove M A, 2004: Response Inhibition
// Subjects=42
40.68	38.36	19.01
27.16	-1.88	50.42
-46.93	33.6	20.42
-34.04	28.82	26.25
50.35	19.12	17.17
-26.24	-5.2	53.55
-46.7	-.27	36.64
-53.32	4.07	10.7
0.48	4.9	57.97
-9.44	21.48	25.47
52.81	-41.17	35.58
-45.44	-41.16	44.51
-18.59	-61.54	53.72
20.9	-62.96	45.58
7.59	-13.17	2.53
21.43	-7	-1.5
39.64	7.89	10.43
-32.04	9.86	1.05
-55.23	-43.01	21.36

// Connolly J D, 2000: Pro-Pointing vs. Fixation
// Connolly J D, 2000: Anti-Pointing vs. Fixation
// Subjects=7
-11.16	-67.56	44.1
19.84	-62.88	46.7
-45.54	-30.12	35.78
42.22	-47.95	45.19
2.7	-44.75	48.72
-35.86	-48.04	37.17
2.6	-4.06	52
-40.18	-19.98	42.68
-26.27	-4.32	51.24
34.65	-5.01	50.6
0.24	16.76	32.44
2.4	37.81	42.92
50.39	16.29	21.87
48.26	14.08	20.96
-10.13	-73.44	36.78
16.61	-71.88	40.8
-29.42	-59.81	35.86
32.55	-65.06	31.13
-36.88	-47.53	43.84
43.29	-47.94	45.18
2.67	-57.16	39.73
3.74	-48.26	44.54
-45.55	-35.67	32.9
2.6	-4.06	52
2.54	8.54	49.83
-43.4	-21.31	39.48
-28.43	-6.79	47.01
37.86	-7.11	50.74
-28.47	5.9	45.95
30.33	3.25	47.73
3.43	15.47	29.17
-48.96	7.15	22.66
49.35	9.94	22.41
-43.44	-1.93	42.32

// Fassbender C, 2004: Tonic Activations for Fixed and Random SART
// Subjects=21
-44.61	3.63	31.83
-41.19	-13.92	52.22
50.47	3.86	26.25
-.65	4.3	50.22
-44.9	9.44	-3.23
-1.81	-69.18	8.45
34.48	-83.65	-3.02
-30.67	-93.56	-1.45
-43.62	-67.46	-6.83
31.56	-51.1	46.69
-30.47	-44.24	44.6
21.03	-49.45	68.98
-33.55	-59.43	54.83
6.88	-23.67	45.79
-43.4	-37.77	33.05
-24.51	-40.11	-12.69
-11.17	-43.52	52.13
42.92	-19.93	8.26
24.65	1.91	3.3
-21.27	-6.83	4.56
7.54	-58.66	-21.54

// Hester R L, 2004: Cued and Uncued Successful Response Inhibition
// Subjects=15
42	-29.4	23.56
-41.37	-37.73	19.65
-50.95	-1.18	38.99
-30.57	9.57	52.36
-50.11	-42.03	-7.77
1.57	6.31	62.3
-38.06	-4.82	45.84
38.6	59.8	35.08
-40.46	58.36	37.23
-8.46	82.16	39.32
60.81	36.68	-4.5
-57.97	57.23	-17.12
18.94	21.17	-36.17
-55.57	50.13	14.67
16.11	6.34	6.37
19.33	17.54	13.2
59.9	36.1	15.64
48.12	40.17	14.31
-14.89	5.02	5.72
15.11	-8.29	9.84
38.43	82.12	20.94

// Sylvester C C, 2003: Normals, Group 2
// Subjects=14
-34	5	37
32	-41	47
-36	-41	47
0	10	49

// Garavan H, 2003: Task-Related Performance
// Subjects=16
-.66	9.67	50.89
46.05	-10.82	1.89
21.44	-35.43	-11.38
-7.2	-63.13	4.65
-51.91	-73.66	23.89
40.02	-18.98	48.36
1.58	-44.13	43.11
1.57	-68.42	31.76
18.39	-71.23	-6.11
15.65	-42.25	66.21
-2.68	-86.85	27.78
6.86	-96.37	13.97

// Kiehl K A, 2000: Task 1, Errors of Commission
// Kiehl K A, 2000: Task 2, Correct Hits
// Subjects=14
4	22	40
-4	4	60
12	36	12
-34	41	20
-36	-24	52
-32	-16	64
-4	4	55
-52	-72	4
44	-80	-8
6	20	40
-36	20	0
48	-72	-4
20	-60	-20
60	-32	20
-56	-32	24
-44	-56	-12

// Watanabe J, 2004: RIGHT > REST
// Watanabe J, 2004: RETR > REST
// Subjects=24
-58	2	30
-54	-6	28
-42	-12	52
-4	-2	54
-10	-8	70
-36	-42	46
-28	-4	-2
-14	-18	4
-14	-62	-24
54	-6	28
62	4	22
56	-24	36
40	-8	56
32	-2	-8
16	-18	2
18	-66	-26
14	-70	-50
-54	-2	26
-48	-10	44
-58	-4	10
-6	0	54
-14	-64	-20
54	-4	28
60	4	20
56	2	6
6	-2	72
26	-2	2
18	-66	-24

// Cunnington R, 2006: Self-Selection and Observation Movements
// Subjects=14
0	6	50
64	12	28
-44	6	30
-26	-4	52
14	-96	6
32	-68	44
-26	-70	54

// Denslow S, 2005: Volitional Movement
// Subjects=11
-40	-12	62
-40	-34	62
-26	-12	70
-4	2	54
-30	-40	68
-50	-44	52
-40	36	28
-30	52	-10
32	52	-6
-46	48	2
50	46	4
-22	-8	-6
-6	-16	4
26	2	-20
8	-68	-14
-64	-30	6
64	-38	6
58	8	2

// Wong S W, 2007: Right and Left Hand, 35% Trials, Activations
// Subjects=17
-42	4	8
38	2	14
32	14	2
-22	-14	6
14	-18	8
30	-2	0
4	-2	62
6	6	48
32	-2	64
-30	26	24
28	38	22
-54	4	8
50	6	14
-26	-58	44
34	-42	46
28	-54	42
-40	0	32
50	-28	48
60	-32	24
-28	-54	-26
16	-46	-28
-2	-62	-24
8	-26	-12
-26	-92	-6
34	-86	-4

// Mallol R, 2007: Normals
// Subjects=11
-34.89	-24.43	53.33
-32.69	-31.76	55.14
-34.73	-41.78	62.89
8.19	5.4	48.53
-2.59	-1.02	49.35
-2.66	10.47	45.97
-29.01	-13.56	8.46
60.48	14.95	-1.49
55.19	-2.84	3.72
61.19	-31.2	44.52
53.56	-33.87	39.31
65.28	-20.83	28.86
58.76	5.09	30.89
-53.53	-39.64	29.38
-64.33	-39.68	29.57
32.26	-43.67	61.94
20.7	2.02	11.67

// Lissek S, 2007: Simple + Complex 1 + Complex 2 > Rest, Dominant Hand
// Lissek S, 2007: Simple + Complex 1 + Complex 2 > Rest, Non-Dominant Hand
// Lissek S, 2007: Complex 1 + Complex 2 > Rest, Dominant Hand
// Subjects=16
-34	-28	56
56	-16	24
-34	-10	60
60	-18	44
0	-2	64
8	0	64
-24	14	62
52	4	50
54	6	44
58	8	38
-32	42	28
-56	4	36
60	10	20
-56	8	20
60	14	12
34	20	-2
0	4	54
32	42	30
-56	-22	48
62	-30	42
-54	-24	42
50	-24	38
-50	-24	18
54	-32	54
66	-20	20
-44	-38	60
42	-36	48
-46	2	2
42	10	-2
60	12	0
-52	6	2
50	8	4
62	-34	20
56	16	-8
-8	8	40
10	10	40
14	-104	6
-18	-16	20
-16	-20	8
14	-4	6
16	-8	6
16	-16	20
-18	-6	-2
16	-4	-6
-26	-2	8
22	8	4
-30	18	4
30	2	12
40	-22	62
-38	-10	60
32	6	66
58	12	4
0	-2	58
36	44	32
-60	8	24
60	10	24
62	10	16
-64	-20	28
54	-20	54
-56	-24	40
40	-22	50
-58	-22	20
62	-26	18
54	-18	18
-40	-40	50
-34	-40	46
-42	4	0
50	-22	22
-52	4	4
-52	-34	14
2	-54	0
-10	12	34
6	12	40
16	-18	6
24	-8	2
20	-6	-2
26	-2	6
-38	-26	58
60	-16	34
-34	-10	58
60	-18	42
52	8	10
0	0	62
10	0	64
-30	-12	68
32	-6	66
-58	6	34
60	10	22
-56	8	18
56	12	12
0	4	54
-58	-20	30
62	-30	42
-40	-28	54
58	-16	24
-38	-46	64
-58	-22	20
40	-40	58
64	-18	20
-44	-38	60
40	32	44
-42	10	-2
50	10	4
-50	-22	18
-52	6	4
62	-34	20
56	16	-8
14	-4	6
-14	-12	0
16	-16	20
-18	-6	-2
18	-2	-2
-26	-2	10
22	6	4

// Cross E S, 2007: Activity during Movement Execution (Go)
// Subjects=13
-12	-52	-22
-2	-56	-10
-34	-56	52
40	20	8
42	-44	46
14	-80	16
-14	4	2
-32	-10	60
38	-48	-36
34	-72	48
-42	-86	-8
32	-72	34
-30	24	2
-48	2	16
-40	14	4
58	10	40
-30	-12	50
64	10	12
-10	-24	32
6	20	50
-2	-6	64
-6	6	54
42	42	24
50	0	54
-34	38	24
18	-4	68
42	22	38
-32	-84	20
12	-26	30
52	32	26
-40	46	22
48	4	4
-8	-20	-10
24	-16	72

// Gizewski E R, 2007: Signal Changes for Activated Regions, Subject 3, 1.5T 
// Scanner
// Gizewski E R, 2007: Signal Changes for Activated Regions, Subject 3, 7T 
// Scanner
// Gizewski E R, 2007: Signal Changes for Activated Regions, Subject 4, 1.5T 
// Scanner
// Gizewski E R, 2007: Signal Changes for Activated Regions, Subject 6, 1.5T 
// Scanner
// Gizewski E R, 2007: Signal Changes for Activated Regions, Subject 6, 7T 
// Scanner
// Gizewski E R, 2007: Signal Changes for Activated Regions, Subject 9, 7T 
// Scanner
// Subjects=9
-44	-24	56
-60	-16	28
-4	-2	58
26	-52	-24
-38	-24	70
-62	-14	28
-2	-2	58
-24	-10	6
18	-48	-22
-34	-18	68
-54	-20	20
-4	-2	56
18	-46	-24
-44	-26	60
-58	-22	28
0	-4	58
18	-54	-26
-40	-26	64
-50	-26	18
-2	-4	54
-14	-20	6
18	-50	-28
-38	-22	54
-54	-24	22
-6	2	48
-22	-26	6
16	-48	-22

// Martin R E, 2004: Voluntary Saliva Swallow
// Martin R E, 2004: Voluntary Tongue Elevation
// Martin R E, 2004: Voluntary Saliva Swallow + Voluntary Tongue Elevation
// Martin R E, 2004: Voluntary Saliva Swallow + Voluntary Finger Opposition
// Martin R E, 2004: Voluntary Tongue Elevation + Voluntary Finger Opposition
// Subjects=14
-59.61	-14.49	19.02
-61.62	-23.07	32.03
-.76	14.1	39.37
2.55	3.17	49.17
2.61	-2.83	54.13
3.93	-67.15	61.74
1.68	-84.91	38.72
40.76	-3.65	12.5
47.53	-7.68	56.25
-58.58	-.56	20.07
-55.26	-10.35	30.89
54.59	41.87	21.9
-52.27	41.23	23.19
62.25	-46.25	10.25
-59.72	-5.74	8.25
-47.87	-4.64	21.41
51.63	-1.71	36.74
51.74	-14.85	45.65
62.4	-17.25	41.27
5.72	3.38	44.65
3.68	2.72	57
23.52	7.9	-1.66
-15.99	3.61	1.39
10.8	-16.32	2.75
-8.4	-9.58	9.1
-3.54	-62.71	64.8
58.07	-28.87	28.91
-55.26	-30.15	22.51
65.29	2.49	7.24
-57.6	-2.64	6.85
52.44	1.1	4.16
-55.52	7.77	3.72
51.46	38.22	30.05
34.72	0.16	62.43
-38.3	36.62	31.22
14.41	-2.25	60.64
-25.16	-6.17	54.73
58.04	-47.88	17.12
-61.75	-16.7	18.12
-58.53	-6.65	23.93
-62.66	-27.14	34.61
-.58	-.48	57.32
3.54	10.02	41.33
65.41	-14.88	16.5
6.08	-60.45	65.61
1.52	-73.34	23.25
0.46	-.73	53.98
0.42	-1.16	48.44
2.61	-3.89	54.22
2.57	-2.12	49.61
64.36	-39.98	8.58

// Onozuka M, 2003: Young Adults
// Subjects=10
6	4	54
-48	-10	30
36	4	6
14	-16	4
-8	-64	-18
34	58	14

// Subjects=0

// Subjects=0

// Dresel C, 2005: Whistling vs. Voluntary Breathing
// Subjects=15
-52.62	-5.92	22.67
-22.66	-71.44	-13.94
-60.32	-.39	13.29
-43.84	-8.14	32.82
-60.29	-2.31	15.72
-5.81	-43.99	-42.72
-11.87	-17.84	-3.74
-19.64	-17.91	64.76
-60.11	-6.49	28.46
-41.9	-30.52	11.47
-9.33	-103.67	8.07
-62.33	-6.91	24.05
-22.91	-1.04	-18.66
-35.5	-78.21	-5.21
-31.33	-18.01	-4.51
-22.73	-2.98	-5.02
1.47	11.27	31.25
-.36	3.87	55.55
20.5	-65.12	-17.54
58.5	-2.31	9.21
51.09	-1.19	21.56
58.53	-2.1	11.43
27.15	-71.5	-5.82
4.99	-39.59	-42.21
14.16	-34.55	-.29
23.3	-96.47	25.85
26.92	-5.35	-10.12
65.21	-6.05	26.28
35.68	-20.86	-4.25
28.97	-.75	-18.45

// Brown M R G, 2006: Nogo Response > Fixation
// Subjects=10
36.75	4.52	49.78
-40.21	2.74	47.46
35.33	51.44	23.55
-35.22	49.62	20.06
46.1	3.95	14.03
-51.17	7.51	13.73
4.77	5.1	60.13
2.43	12.89	37.2
42.21	-39.23	47.81
-37.91	-42.8	50.14
24.16	-65.69	51.35
-22.88	-65.08	49.61
61.37	-33.37	39.29
-60.53	-20.61	36.27
5.73	-23.47	34.64
1.69	-58.42	51
28.32	-81.04	31.4
-21.88	-82.22	34.3
-13.7	2.96	20.38

// Brown M R G, 2007: Preparation, Antisaccade > Preparation, Prosaccade
// Subjects=11
30.39	0.59	54.64
31.47	-.37	55.82
1.48	7.57	51.04
0.3	14.02	38.25
35.25	54.98	14.34
53.71	9.77	33.53
56.94	8.9	35.79
50.37	25.9	22.18
38.67	55.03	42.17
40.82	55.13	43.25
18.31	76.23	42.86
22.59	75.28	44
3.42	69.25	50.31
1.16	31.69	18.91

// Hanakawa T, 2008: Instructional Cue
// Hanakawa T, 2008: Finger Tapping, Movement
// Subjects=13
-40	-72	-28
52	14	26
-28	0	62
-32	-56	44
42	-56	58
28	-76	44
-54	10	30
-50	6	42
-2	12	42
-4	10	52
18	-52	-32
6	-64	-32
-48	-30	46
-36	-26	56
-36	-8	62
-2	2	50
-28	-62	-42
66	-22	12
-26	-10	-2
-28	8	-6
32	-68	56
52	8	-4
-10	-24	-6

// Simmonds D J, 2007: Go Activations
// Subjects=30
-5	-105.78	8.21
-41.35	-15.53	57.04
-6.91	7.68	50.8
13.75	-70.41	-39.31
3.4	-44.06	1.96

// Lowell S Y, 2008: Overt Swallowing vs. Rest
// Subjects=14
62.2	-3.98	20.09
62.2	4.82	23.81
47.07	5.13	1.65
59.94	5.72	8.15
62.25	-16.67	21.15
15	-19.35	-9.31
15.08	-16.3	2.7
16.09	-.43	1.36
32.08	-9.48	-6.99
-10.59	-17.76	-.23
-20.27	-5.3	-3.39
-23.52	-.29	-7.12
-57.35	-5.45	39.43
-53.11	-8.05	32.9
-53.29	-5.53	10.39
10.64	-53.16	-33.19
8.54	-55.03	-29.66
-13.83	-57.73	-21.37
2.58	0.17	51.65
-4.93	0.93	48.33
-1.83	11.89	38.45
6.76	9.11	43.04
-23.47	-48.1	-19.84
15.03	-1.41	2.57
25.94	-84.68	-1.73
40.72	-49.15	-11.57
-31.98	11.51	8.72
-25.29	-95.39	1.99
10.62	-66.53	-40.99
2.41	-65.27	3.61
55.86	-36.26	16.17
15.51	-.84	64.97
44.92	-56.5	-24.38
-3.09	-34.01	-4.53

// Martin R E, 2001: Activations During Voluntary Saliva Swallowing
// Subjects=14
54.78	4.32	31.74
57.89	9.91	21.2
-57.51	12.65	25.64
59.96	9.24	12.31
-56.51	9.68	14.73
2.54	3.09	48.06

// Müller R A, 2003: Normals
// Subjects=8
55.84	14.1	34.26
55.68	22.33	16.84
42.53	25.51	-23.42
-24.06	2.98	62.87
-1.69	8.95	55.42
-49.97	3.43	29.67
33.63	6.5	61.91
-27.13	-61.51	54.93
-20.8	-59.07	44.62
27.35	-48.24	56.54
-30.54	-96.59	14.42
-8.23	-101.17	-5.53
-30.78	-79.36	-10.44
7.86	-70.73	15.16
23.72	-85.63	-13.89
20.66	-90.71	3.3
65.28	-56.83	-16.78
-2.03	-30.83	-4.8
-14.71	-29.37	15.29
-8.34	-16.64	14.15
23.76	-29.13	14.83
7.58	-30.77	-4.92
7.56	-73.81	-24.73

// Guillot A, 2009: Physical Execution vs. Passive Listening
// Subjects=50
-36	-40	47
62	-22	20
-50	-30	51
46	-29	46
-45	-27	39
39	-21	51
47	-24	43
38	-44	63
41	-17	56
-39	-9	57
27	-12	59
-27	-8	50
-8	-6	61
8	-6	61
-3	-3	53
5	1	55
-5	1	55
-46	-1	8
57	4	19
-2	0	37
18	-24	18
-24	-10	-2
24	-15	4
-25	5	10
23	6	13
-26	-2	-5
30	-14	8
-12	-47	-15
-21	-44	-21
8	-57	-2
-5	-55	-2
-12	-49	-8
-35	-52	-18
35	-51	-20
-5	-59	-15
-20	-67	-14
24	-61	-15
-14	-67	-12
44	-55	-2

// Martin R, 2007: Water Swallow vs. Rest
// Subjects=8
-54.23	-8.57	26.27
-40.08	-.29	63.33
-59.67	-5.23	14.9
53.87	-.66	50.01
-24.11	23.33	64.51
34.62	23.25	58.27
-3.81	3.65	55.89
12.24	5.06	58.93
-7.09	5.06	46.89
12.05	14.09	38.11
-41	-50.42	61.97
56.14	-62.92	42.94
62.55	-48.71	47.25
-12.71	-16.55	1.93
15.11	-4.95	11.79
45.91	15.18	-5.87
-5.74	-70.01	53.17
-31.39	-70.17	53.48
11.03	-69.99	10.6
7.1	-30.24	70.87
25.09	-89.06	24.3
-12.59	-60.33	0.02
16.32	-65.02	5.66
-20.18	-48.29	-8.71

// Chikazoe J, 2009: Stop vs. Uncertain-Go
// Subjects=22
38	16	-6
-32	18	2
54	14	26
48	16	18
42	6	32
34	18	14
26	52	26
-44	16	-6
46	36	16
-44	10	32
34	8	58
-40	56	18
-32	36	18
32	-4	50
18	16	58
4	24	36
2	14	46
0	-22	32
6	42	14
6	6	62
-4	4	60
18	-6	68
-8	0	68
64	-40	30
-42	-52	50
52	-38	48
64	-30	38
36	-58	48
-58	-36	36
-50	-42	48
12	-70	38
44	-46	40
24	-62	42
64	-26	24
-26	-66	50
-26	-60	38
14	-36	42
-14	-96	6
64	-40	16
60	-48	8
52	-50	16
52	-20	-6
-54	-40	20
38	-52	-14
50	-30	-2
36	-12	-8
54	-10	-10
10	-10	2
16	2	10
-10	-2	6
12	-18	14
-26	16	-6
6	-28	-22
2	-50	-40
-30	-58	-32
-12	-22	18
10	-56	-36

// Welander-Vatn A S, 2009: Healthy Controls
// Subjects=28
-4	6	50
-48	-68	-8
-26	-64	50
-24	2	-2
12	-98	8
46	4	22
46	-52	50
-50	-2	52
4	-30	-14
44	38	22
-22	-92	18
10	-100	8

// Baglio F, 2009: Healthy Controls
// Subjects=11
-26.25	-21.1	53.98
-50.13	-13.3	46.89
-39.26	-17.1	51.56
18.26	-62.45	-23.37
-41.98	-78.23	-5.1
-46.53	-58.01	-18.22
1.73	0.06	49.17
-.24	2.57	64.64
28.94	-.52	64.45
47.46	-25.56	71.09
31.48	-84.56	-7.96
37.4	82	-17.82
42.14	-54.95	-13.31
-21.78	-59.37	57.69
53.57	-26.11	41.91
10.18	-82.35	16.84
70.59	-30.26	19.62
-11.82	-19.65	-.2
-59.01	9.03	33.63
63.97	12.47	17.74
55.42	-78.77	6.75
-59.6	6.8	-13.21

// Bennett D S, 2009: Non-Exposed Subjects
// Subjects=11
2	8	53
0	20	47
18	11	57
18	-5	61
2	8	38
32	-43	63
50	-40	54
-32	-69	-23

// Yu H, 2007: Healthy Controls
// Subjects=8
-45.46	-16.06	52.45
-3.88	10.62	49.73
8.96	12.01	52.81
-3.76	-3.5	59.84
6.94	-2.2	61.83
-2.86	7.91	42.14
7.8	11.06	40.64
53.81	8.59	45.89
-47.69	-1.7	45.69
54.89	1.03	44.28
40.73	49.79	29.21
-50.1	9.72	14.65
54.6	5.69	8.21
-54.05	-40.75	36.77
61.31	-32.83	32.55
-55.33	-34.18	11.7
62.21	-32.42	10.2
-42.69	7.94	4.68
43.83	16.91	2.93
-11.59	-19.29	7.72
-25.56	-3.68	4.34
-21.29	-3.74	3.18
24.6	-56.79	-26.35
-20.23	-69.66	-23.64
1.19	-60.3	-14.64

// Chikazoe J, 2009: No-Go vs. Infrequent-Go
// Subjects=25
42	16	-2
36	40	20
24	-4	62
-24	-4	58
30	24	-6
58	14	16
44	0	56
-50	10	18
38	56	10
-50	6	4
48	10	26
60	10	28
-58	12	10
44	2	44
-46	14	-8
6	-12	32
2	2	50
2	30	36
4	34	26
4	-28	32
12	-32	44
-4	6	36
2	0	62
-6	-6	64
0	12	44
10	16	60
54	-42	48
44	-46	46
38	-56	48
62	-44	36
64	-28	28
12	-70	52
32	-64	50
-14	-66	54
-22	-60	64
-48	-32	40
30	-68	38
62	-40	24
52	-26	0
-60	-34	22
58	-50	-2
60	-18	-2
28	-54	-32
-30	-62	-28
-20	2	-4
22	6	-6
-14	4	12
32	12	-10
-24	10	4
26	0	4
16	4	12
-30	16	-4

// Ehrsson H H, 2000: Precision Grip - Matching Rest
// Ehrsson H H, 2000: Power Grip - Matching Rest
// Subjects=5
0	0	52
-40	-16	44
-36	-12	60
-8	-8	60
-60	0	16
-48	-36	20
-12	-8	12
-60	-24	44
-44	56	8
-60	-44	44
52	-44	48
48	-52	52
56	8	32
44	32	24
56	4	8
60	-36	20
64	-32	36
40	-40	36
48	4	28
52	-4	44
48	44	-4
36	-4	40
32	20	0
36	8	48
40	0	52
36	-64	44
28	-68	60
-40	-20	48
-28	-24	68
0	0	48
-56	-20	16
-8	-8	60
-12	-12	8
-8	-20	40
-64	4	24
56	-4	36
60	-28	36
56	-40	20

// Kertzman C, 1997: Left Hand Reach > Fixation
// Kertzman C, 1997: Right Hand Reach > Fixation
// Kertzman C, 1997: Left Visual Field Reach > Fixation
// Kertzman C, 1997: Right Visual Field Reach > Fixation
// Subjects=6
40.75	-18.53	54.82
27.77	-14.32	54.63
-24.02	-.91	63.15
25.71	-9.24	63.13
36.37	-1.53	53.22
-4.74	11.09	52.67
12.59	15.82	56.39
-9.14	-13.57	41.74
32.22	-33.04	60.89
19.34	-54.35	63.21
6.13	-80.29	39.11
20.53	4.07	-.86
16.43	-22.77	10.83
-28.32	-22.61	60.89
-24.01	-5.17	63.57
-45.88	3.73	45.13
29.86	4.83	52.7
-2.58	11.1	52.63
-2.44	5.55	62.14
-11.31	-9.32	41.35
-17.38	-56.61	64.06
32.22	-33.04	60.89
19.34	-54.35	63.21
-37.47	4.23	27.01
37.87	-8.63	0.11
22.65	-.59	-4.91
-9.67	-24.11	-2.04
-21.86	-3.03	63.32
-6.75	3.4	62.43
-4.74	11.09	52.67
-9.16	-7.19	41.1
-9.52	-62.39	1.75
-22.71	10.3	-.74
22.65	-.59	-4.91
18.6	-24.89	11.01
-32.64	-22.63	60.96
-30.46	-13.7	64.52
53.54	-2.3	44.03
-24.01	-5.17	63.57
-43.72	3.74	45.09
25.7	-7.12	62.91
36.29	2.31	48.35
-4.74	11.09	52.67
14.76	13.7	56.56
3.69	-36.46	25.85
45.07	-16.39	54.54
-17.38	-58.74	64.27
-21.73	-34.94	66.48
32.22	-33.04	60.89
21.5	-54.34	63.18
-34.78	-42.2	58.45
-9.51	-95.13	-3.98
22.78	-17.19	1.21

// Taniwaki T, 2003: Self Initiated Movement vs. Rest, Categorical on-off 
// Responses
// Subjects=10
26	-2	-12
12	-16	6
-6	2	50
38	-14	62
56	6	36

// Wong D, 2011: Healthy Controls
// Subjects=9
-46	-12	34
-56	-8	44
-60	-2	32
54	-2	38
46	-8	36
54	-4	46
-2	-2	58
-8	-8	66
6	0	64
-56	-46	40
-48	-54	46
-20	-46	40
-50	-60	-4
-58	-52	0
-52	-66	-12
-36	-84	-8
-38	-72	-10
-32	-60	-14
-30	-32	14
-26	-14	4
-32	-24	6
26	0	2
20	0	12
26	-12	6
16	-56	-20
16	-46	-22
6	-54	-14
-56	-12	40
50	-6	34
58	-6	48
68	-14	24
-4	0	54
6	-2	64
-22	-74	6
-18	-86	8
-28	-84	8
-24	-10	4
-26	-6	-14
28	-2	-10
26	10	2
26	-2	2
-8	-20	4
10	-18	4

// Zandbelt B B, 2011: Healthy Controls
// Subjects=22
-56	-44	28
-56	-44	36
-52	-28	40
-56	-32	32
-36	-24	32
-48	-36	32
-44	-60	36
-12	-20	4
-12	0	4
12	0	4
12	-20	8
8	-8	8
16	8	0
-12	-32	4
16	-32	8
20	-12	8
24	-20	8
32	-64	44
60	-36	28
16	-80	44
40	-36	36
-8	-80	40
-16	-84	40
-4	-64	56
-24	-52	60
-20	-76	36
64	-44	12
32	-44	44
52	-32	32
-20	-72	44
12	-88	32
56	-32	-12
48	-32	-8
-24	-64	56
52	-32	44
64	-48	32
52	-44	0
68	-20	-12
60	-24	28
-40	-8	48
-24	-4	52
-24	0	64
-24	-12	64
-20	-4	68
-16	-20	68
52	16	-4
36	24	-4
52	8	12
4	16	44
4	8	52
4	32	40
44	24	36
20	44	32
52	4	44
40	0	48
32	32	36
16	4	64
-8	36	36
52	4	36
52	8	28
16	-20	64
4	16	60
4	0	68
4	-12	64
40	20	48
16	-20	72
36	-4	60
32	48	24
4	16	28
8	-16	68
36	20	4
44	-76	4
36	-80	24
28	-76	16
52	-60	0
52	-56	-16
48	-48	-12
-28	40	36
-32	28	40
-40	40	24
-48	12	-8
12	-44	36
12	-28	36
16	-44	24
-24	-76	16
-36	-52	48
32	20	0
40	52	20
48	16	8
36	44	28
36	-4	48
40	0	44
24	-4	60
40	0	32
52	16	28
48	8	28
28	52	24
40	-4	60
52	20	20
20	0	8
16	8	8
44	0	56
20	4	68
12	12	4
40	16	48
48	28	28
40	32	32
36	24	36
-28	24	-8
-40	16	4
36	-52	36
56	-40	28
20	-72	36
48	-40	4
44	-52	36
56	-48	28
48	-60	0
56	-44	36
64	-44	16
52	-56	40
60	-4	8
52	-44	48
32	-72	20
44	-72	8
28	-68	56
4	28	36
-40	0	32
4	12	48
-4	8	48
-20	-8	60
8	16	40
-8	28	20
4	28	52
-44	-4	44
-44	4	20
8	32	24
-28	-64	36
-20	-68	40
-12	-72	36
8	-16	8
48	-24	-12
56	-28	-16
60	-24	-12
-56	-44	20
-60	-52	32
-56	-44	36
-64	-52	20
-56	-48	8
0	-20	-12
-32	52	28
-36	36	36
-40	48	16

// Shah C, 2011: Reading
// Shah C, 2011: Copying
// Subjects=28
-33	-24	60
51	3	36
-24	-15	60
27	-3	51
-3	3	63
6	9	51
6	15	42
-6	-12	42
30	39	30
-36	42	30
54	18	-3
-54	15	3
30	24	6
-30	24	6
9	27	27
-6	18	30
-36	-27	54
60	-15	27
-21	-54	54
24	-57	51
-45	-42	21
-51	-42	12
54	-24	3
-45	-69	-3
45	-63	-3
33	-87	3
-36	-81	-9
18	-93	3
-18	-93	-3
0	-60	-18
18	-51	-18
-18	-66	-39
-12	-18	9
12	-18	9
-21	-3	9
-33	-24	60
57	-21	42
-6	6	51
9	6	54
9	15	42
-3	-3	48
-27	-12	57
27	-3	54
-54	0	42
54	6	36
30	39	30
-36	42	33
57	15	0
-6	18	30
-27	27	6
-39	-27	54
63	-15	27
-21	-57	57
21	-57	54
-45	-30	24
-42	0	15
39	-84	3
51	-57	-6
-48	-69	-3
-18	-93	-3
36	-84	-3
21	-51	-18
3	-57	-18
-33	-54	-24
-15	-21	9
-18	-3	9

// Bodegard A, 2003: Differences In Kinesthesia > Rest
// Subjects=8
41.12	-19.78	51.76
41.11	-17.66	51.59
38.91	-16.16	43.68
44.31	-24.24	48.76
47.58	-26.88	55.63
46.47	-30.66	48.15
6.83	7.6	50.98
50.46	-29.15	12.29
10.8	-20.81	-.22
10.67	-64.96	-34.43
-37.92	-45.08	48.1
-57.36	-30.88	27.06
-52.23	17.54	19.6
-14.96	-58.34	-29.11

// Zarate J M, 2010: Regions of peak neural activity for compensate (COMP) 
// 200c and COMP 25c
// Zarate J M, 2010: COMP 200c - Simple
// Zarate J M, 2010: COMP 25c - Simple
// Subjects=9
64	-28	4
66	-22	10
2	20	40
2	18	44
44	0	46
32	22	2
52	10	24
40	-44	48
58	-36	46
-4	4	54
-48	0	42
-34	22	2
-52	8	30
-40	16	26
-42	-40	46
-36	-48	48
-54	6	-2
-60	-22	8
-2	4	54
-48	0	42
-34	22	2
-52	8	30
-40	16	26
-40	-38	42
-50	-42	22
56	4	-4
68	-16	6
64	-30	8
54	-42	12
66	-22	12
2	20	40
2	18	44
44	0	46
32	22	2
52	10	24
40	-44	48
58	-36	46
-8	-4	68
-4	4	54
-48	-2	44
-32	24	0
-52	10	26
-42	18	22
-42	-40	46
-14	6	4
64	-28	4
66	-22	10
4	22	34
2	18	46
42	2	48
32	24	0
54	10	28
40	20	24
46	-42	52
56	-36	46
12	8	6

// Njiboer M, 2014: 2-Back and Tracking > Baseline
// Subjects=19
0	-67	-20
-51	2	31
36	38	31
45	2	34
-48	-73	-2
0	-1	52
-12	-19	7
15	-19	7

// Hanakawa T, 2002: Complex finger-tapping > Visual fixation
// Subjects=10
-39.2	-10.1	57.59
-56.7	1.36	43.31
-28.53	8.67	51.07
38.56	5.28	56.99
-2.57	8.97	52.84
8.3	13.89	58.89
-.27	3.43	62.31
-41.51	-15.6	44.73
-47.76	-31.4	59.85
20.35	-52.02	-26.68
-27.02	1.57	-2.04

// Langner R, 2014: Conjunction: Encoding and Recall Epochs for both 
// hands/delays
// Subjects=36
-1	-2	56
-44	-42	50
-54	5	33
-33	-9	62
-51	-36	21
-35	23	0
-1	15	42
-51	8	18
-30	-56	65
-15	8	-3
-39	-56	-30
-18	8	-1
-38	27	27
-17	-69	-24
-32	-60	42
-56	-54	2
-60	-15	23
-17	-12	9
47	-39	47
3	-2	54
40	-36	44
33	-60	-27
44	-45	48
51	8	21
30	-6	62
57	8	33
33	23	-1
15	-74	59
21	6	0
9	-68	48
51	-33	-3
8	14	33
20	9	6
41	30	24
60	-56	-8
5	-72	-20
18	-15	14

// Walz A D, 2015: Conjunction over task and time: Finger sequence
// Subjects=15
-45	-27	42
45	-30	45
-42	-36	45
42	36	45
-27	-6	51
27	-6	51
-6	-3	60
0	3	57
-57	3	39
54	3	39
-12	-96	-3
15	-96	3

// Boecker H, 1998: Weighted Mean Performance of All Motor Sequences vs. Rest, 
// Activations
// Boecker H, 1998: rCBF Correlated with Increasing Levels of Complexity of 
// Motor Sequences
// Subjects=7
-34.88	-16.67	55.93
-39.23	-23.48	52.19
-.46	8.56	48.36
4.13	-2.52	67.31
-50.21	-22.64	38.85
-21.76	-57.04	59.7
-4.36	-58.27	68.49
-33.17	-33.16	17.19
-35.57	-2.1	5.19
-5.27	-27.93	2.75
-11.87	-13.48	-3.05
44.97	-36.78	43.11
55.66	-22.27	37.01
19.13	-73.45	42.7
59.7	8.41	20.46
24.86	17.26	2.25
22.88	-14.24	9.88
27.09	0.25	3.89
33.67	3.23	12.45
-52.66	8.01	22.41
-2.51	9.39	57.28
1.87	7.69	61.86
14.89	-66.25	51.02
53.52	-11.22	40.44
-5.23	-25.39	6.98
-11.81	0.12	4.57
16.27	4.47	3.66

// Hanakawa T, 2003: Movement > Imagery
// Hanakawa T, 2003: Activations In Relation To Response Movement
// Subjects=10
-37.08	-18.05	52.74
-47.87	-9.27	55.42
22.6	-56.81	-20.64
5.53	-69.45	-5.65
-53.76	-24.94	14.48
-29.39	-45.92	-27.56
-.47	1.97	46.77
-23.78	-41.77	73.91
59.14	-20.49	55.82
-45.53	-37.46	63.77
53.85	-37.21	60.93
19.32	-68.7	59.03
-37.06	6.18	59.31
-39.17	-20.84	57.53
-55.83	7.46	28.12
38.56	8.57	57.78
1.71	4.32	48.75
40.15	51.4	22.14
5.69	33.51	27.86
6.07	19.95	54.97
-20.5	-82.38	-16.26
35.56	-58.99	-21.77
40.33	-90.62	7.06
-28.79	-97.25	8.89
14.44	-79.46	13.12
-7.15	-86.02	13.01
-31.4	-72.2	-21.56
35.52	-63.66	-25.79
-54.04	-18.3	-6.34
-41.61	-34.93	33.2
56.18	-17.7	-6.03
48.75	44.53	17.07
-24.84	-3.74	-1.55
-21.64	-12.76	-6.32

// Kawashima R, 1999: Increased Blood Flow, All Movements Compared to Rest
// Subjects=6
-30	-28	50
2	4	56
-12	-8	44

// Kuhtz-Buschbeck J P, 2003: Motor Execution, Complex, Left Hand vs. Baseline
// Subjects=12
-4	4	56
32	-24	64
40	-20	64
40	-40	44
56	8	32
12	-16	12
-52	4	40
-52	8	28
-16	-12	16
-48	-40	52
-20	-56	-24
20	-64	-24

// Riecker A, 2003: Main Effect All Frequencies
// Riecker A, 2003: First Order Term, Positive Linear Effect
// Riecker A, 2003: 2 Hz Tapping vs. Control
// Riecker A, 2003: 3 Hz Tapping vs. Control
// Riecker A, 2003: 4 Hz Tapping vs. Control
// Riecker A, 2003: 5 Hz Tapping vs. Control
// Riecker A, 2003: 6 Hz Tapping vs. Control
// Subjects=8
3	3	54
-6	-15	54
-45	-24	60
-15	18	3
-12	-21	3
-21	6	-9
24	-51	-33
33	-51	-57
-3	12	54
-6	-6	60
-60	-24	60
-12	-18	6
24	-75	-48
0	9	57
-6	-12	60
-45	-24	60
-9	12	3
-9	-24	3
-27	-6	-9
21	-57	-33
33	-69	-57
-6	3	57
-6	-15	54
-45	-30	63
-12	12	0
-15	-24	0
-27	-6	-3
24	-57	-33
30	-66	-57
-3	3	57
-6	-12	57
-48	-30	60
-18	-24	3
-27	-3	-9
30	-57	-30
30	-66	-54
-6	6	54
-6	-15	54
-45	-24	57
-12	-24	3
24	-54	-33
30	-57	-54
-3	9	54
-3	-9	54
-45	-27	60
-12	-24	6
24	-57	-33
33	-54	-57

// Sadato N, 1997: Normals, Group 1
// Subjects=12
-34.83	-14.13	60.16
38.63	-13.87	58.88
-32.78	-30.26	48.27
36.36	-30.01	47.07
-20.73	-61.09	-29.56
28.96	-58.78	-30.64
-22.64	-6.72	0.95
24.9	-6.55	0.12
-7.37	-29.65	7.44
16.37	-23.18	6.39
-32.59	-35.39	62.22
36.58	-56.83	58.68
8.26	2.63	53.28
-36.95	-24.77	61.25
36.46	-11.75	58.71
-32.78	-30.26	48.27
36.36	-30.01	47.07
-20.73	-61.09	-29.56
13.95	-60.13	-21.29
-22.64	-6.72	0.95
24.9	-6.55	0.12
-18.31	-8.83	1.08
16.37	-21.06	6.18
-30.37	-50.27	63.66
17.22	-65	64.3
6.16	0.91	57.97
59.7	6.28	20.67
-1.19	-25.32	-15.51

// Samuel M, 1997: Control Subjects
// Subjects=6
-32.7	-20.92	56.31
-2.58	-2.08	49.45
6.01	10.71	48.04
-37.22	-.49	45.4
57.38	5.03	7.39
-52.45	-31.99	30.85
-35.62	-2.51	0.75
-13.94	-21.58	2.27
-37.55	-2.98	18.76

// Yoo S S, 2005: Group-Level Finger Tapping Activation
// Subjects=10
-40	-15	56
-36	-16	63
42	2	50
-4	7	53
4	3	53
-44	-28	55
52	-23	42
-48	-40	54
40	-38	55
-52	-27	12
59	-19	10
-18	-20	-1
6	-16	-1
-27	8	-5
-18	-61	-26
20	-54	-24
0	-65	-15

// Dettmers C, 1995: Comparison Between Movement and Rest
// Subjects=6
-26.08	-18.89	69.19
-6.9	-3.97	67.72
-28.25	-19.25	64.78
-9.02	-19.13	64.55
-32.56	-19.62	60.4
-4.82	-8.88	59.18
-15.49	-19.86	55.77
-32.61	-15.73	55.62
-.61	-.73	53.99
-32.63	-26.99	47.64
-2.73	-22.58	46.93
-36.97	-18.9	42.55
-47.66	-27.76	38.96
-49.83	-28.12	34.55
-49.86	-28.46	30.12
-47.76	-28.79	25.66
-47.79	-31.25	21.41
-49.95	-33.72	17.18
-43.58	-20.99	16.04
-37.24	-4.04	14.54
-39.41	-4.39	10.14
-39.43	-6.85	5.88
-28.78	1.67	5.04
-39.47	-5.08	1.27
-26.68	3.46	0.41
8.06	-3.88	67.54
8.02	-2.11	62.93
48.57	-33.19	42.77
48.53	-31.42	38.16
50.63	-31.75	33.7
52.72	-27.85	28.89
52.69	-28.19	24.46
52.65	-28.53	20.02
48.24	9.51	16.88
54.74	-22.52	15.04
46.07	9.15	12.48
54.71	-24.98	10.78
56.83	-29.54	6.68
39.61	2.08	4.22

// Riecker A, 2006: Younger Subjects
// Subjects=10
-3	12	54
-39	-24	57
-12	-18	6
30	-54	-51

