// Reference=MNI
// Subjects=0

// Gerardin E, 2000: Motor Execution vs. Rest
// Gerardin E, 2000: Motor Execution vs. Motor Imagination
// Subjects=8
57	18	24
39	-15	63
-42	-18	66
42	-3	60
-36	-3	66
6	6	57
-9	9	51
3	-3	66
-3	3	66
42	-33	60
-48	-24	57
36	-36	66
-30	-42	66
-45	-36	60
60	-9	15
-60	-15	21
24	18	6
-30	6	6
27	-9	12
-33	-3	6
15	-12	9
-18	-15	9
21	-45	-18
-27	-45	-18
39	-15	63
-42	-18	69
24	-9	75
-36	-6	69
3	0	57
-3	-3	57
48	-30	60
-51	-18	60
51	-9	15
-51	-15	15
3	6	42
-6	9	42
30	3	0
-30	-3	3
15	-12	9
-18	-15	9
21	-45	-18
-27	-45	-18

// Joliot M, 1999: fMRI-Correlation
// Subjects=8
-4	-12	60
42	-14	54
-60	2	34
-36	30	28
36	38	28
-42	-22	56
-56	0	10
60	0	14
-36	-6	4
40	-6	14
-58	-24	22
56	-34	42
44	-44	46
-2	-92	-6
-26	-6	6
12	-16	10
-20	-14	20
22	-2	20
-22	-58	-22
22	-52	-20

// Subjects=0

// Subjects=0

// Kawashima R, 1996: Go/NoGo Task - Control Task
// Subjects=9
-36.84	-14.18	62.23
-28.37	-18.25	50.2
-22.93	-8.47	66.05
-13.31	-13.87	64.16
-52.12	-1.15	25.62
-5.77	-16.49	70.98
-52.07	-31.36	20.35
-65.91	-50.73	18.79
-19.97	-58.2	14.43
-37.24	-77.71	-16.08
-4.86	-6.05	54.49
-35.18	-79.61	-27.1
5.97	-13.24	70.58
5.8	-42.51	36.23
41.97	-48.32	12.88
42.17	-81.47	24.58
28.95	-59.25	-17.27
29.97	-65.3	-26.82
-45.49	-12.01	49.88
-39.24	-3.74	32.38
-29.43	-13.77	53.18
-26.49	29.55	35.02
-27.68	54.75	30.69
-34.66	-32.4	60.38
-49.98	-5.54	23.74
-29.47	-62.52	28.28
-26.32	-74.1	15.83
-7.15	11.06	41.93
-35.12	-6.48	10.26
8.04	4.75	69.05
21.54	38.13	31.52
44.15	12.51	42.33
43.94	35.63	24.78
37.64	23.5	33.68
39.68	18.17	19.6
23.35	32.51	-13.75
5.63	13.97	37.07
5.58	9.05	28.57
14.06	-19.05	8.52

// Bellgrove M A, 2004: Response Inhibition
// Subjects=42
40.68	38.36	19.01
27.16	-1.88	50.42
-46.93	33.6	20.42
-34.04	28.82	26.25
50.35	19.12	17.17
-26.24	-5.2	53.55
-46.7	-.27	36.64
-53.32	4.07	10.7
0.48	4.9	57.97
-9.44	21.48	25.47
52.81	-41.17	35.58
-45.44	-41.16	44.51
-18.59	-61.54	53.72
20.9	-62.96	45.58
7.59	-13.17	2.53
21.43	-7	-1.5
39.64	7.89	10.43
-32.04	9.86	1.05
-55.23	-43.01	21.36

// Hester R L, 2004: Cued and Uncued Successful Response Inhibition
// Subjects=15
42	-29.4	23.56
-41.37	-37.73	19.65
-50.95	-1.18	38.99
-30.57	9.57	52.36
-50.11	-42.03	-7.77
1.57	6.31	62.3
-38.06	-4.82	45.84
38.6	59.8	35.08
-40.46	58.36	37.23
-8.46	82.16	39.32
60.81	36.68	-4.5
-57.97	57.23	-17.12
18.94	21.17	-36.17
-55.57	50.13	14.67
16.11	6.34	6.37
19.33	17.54	13.2
59.9	36.1	15.64
48.12	40.17	14.31
-14.89	5.02	5.72
15.11	-8.29	9.84
38.43	82.12	20.94

// Wong S W, 2007: Right and Left Hand, 35% Trials, Activations
// Subjects=17
-42	4	8
38	2	14
32	14	2
-22	-14	6
14	-18	8
30	-2	0
4	-2	62
6	6	48
32	-2	64
-30	26	24
28	38	22
-54	4	8
50	6	14
-26	-58	44
34	-42	46
28	-54	42
-40	0	32
50	-28	48
60	-32	24
-28	-54	-26
16	-46	-28
-2	-62	-24
8	-26	-12
-26	-92	-6
34	-86	-4

// Marchand W R, 2007: Normals
// Subjects=15
22	-8	6
18	-18	6
42	38	24
34	-26	56
56	-16	52
54	-44	46
-28	-88	0
32	-82	14
-8	-54	-22

// Lissek S, 2007: Simple + Complex 1 + Complex 2 > Rest, Dominant Hand
// Lissek S, 2007: Simple + Complex 1 + Complex 2 > Rest, Non-Dominant Hand
// Lissek S, 2007: Simple > Rest, Non-Dominant Hand
// Lissek S, 2007: Complex 1 + Complex 2 > Rest, Non-Dominant Hand
// Subjects=16
-34	-28	56
56	-16	24
-34	-10	60
60	-18	44
0	-2	64
8	0	64
-24	14	62
52	4	50
54	6	44
58	8	38
-32	42	28
-56	4	36
60	10	20
-56	8	20
60	14	12
34	20	-2
0	4	54
32	42	30
-56	-22	48
62	-30	42
-54	-24	42
50	-24	38
-50	-24	18
54	-32	54
66	-20	20
-44	-38	60
42	-36	48
-46	2	2
42	10	-2
60	12	0
-52	6	2
50	8	4
62	-34	20
56	16	-8
-8	8	40
10	10	40
14	-104	6
-18	-16	20
-16	-20	8
14	-4	6
16	-8	6
16	-16	20
-18	-6	-2
16	-4	-6
-26	-2	8
22	8	4
-30	18	4
30	2	12
40	-22	62
-38	-10	60
32	6	66
58	12	4
0	-2	58
36	44	32
-60	8	24
60	10	24
62	10	16
-64	-20	28
54	-20	54
-56	-24	40
40	-22	50
-58	-22	20
62	-26	18
54	-18	18
-40	-40	50
-34	-40	46
-42	4	0
50	-22	22
-52	4	4
-52	-34	14
2	-54	0
-10	12	34
6	12	40
16	-18	6
24	-8	2
20	-6	-2
26	-2	6
40	-18	60
34	-16	62
0	-2	62
6	0	68
44	-26	62
52	-18	14
-42	2	0
46	-22	18
-58	-22	20
-16	-104	8
18	-104	8
-26	-94	6
18	-18	4
28	-4	-2
40	-22	62
-56	0	38
30	-14	60
-2	-2	64
8	0	64
-34	-8	62
32	-6	64
-58	6	34
-60	8	22
60	10	24
62	10	16
-64	-20	28
-62	-22	32
42	-36	66
-56	-24	38
40	-34	58
-58	-22	20
-34	-44	54
-24	-54	66
30	-50	64
-46	-38	24
50	-22	22
-52	36	14
2	-54	0
16	-16	8
14	-12	20
18	-4	-2
26	2	6

// Subjects=0

// Bengtsson S L, 2005: Conjunction Analysis of Rhythmic Sequence - Rest
// Subjects=7
-8	-4	56
-60	-4	36
-56	-12	44
-56	4	0
-52	-44	16
-24	-4	-8
-8	-64	-24
-32	-64	-32
32	-60	-32
-16	-12	16
12	-12	16

// Aron A R, 2006: Stop - Go
// Subjects=5
68	-44	8
34	26	0
36	22	0
44	22	-4
44	12	8
52	38	-6
54	14	0
42	20	-10
6	20	50
6	8	70
8	20	34
18	-104	4
-40	16	-6
-56	-28	8
-46	-38	18
22	-30	-6
12	-26	0
16	4	-6
6	-26	-2
6	-20	4
10	-14	-4
18	12	-8
12	-18	2
18	-22	-2
6	-20	-12
-6	-22	4
-8	-16	0
34	40	30
8	-20	30
-26	-98	-10
-20	-26	-10
48	2	50
14	-42	48
36	-48	46
10	-42	52

// Chikazoe J, 2009: Stop vs. Uncertain-Go
// Chikazoe J, 2009: Conjunction Analysis, Stop vs. Uncertain-Go + 
// Uncertain-Go vs. Certain-Go
// Subjects=22
38	16	-6
-32	18	2
54	14	26
48	16	18
42	6	32
34	18	14
26	52	26
-44	16	-6
46	36	16
-44	10	32
34	8	58
-40	56	18
-32	36	18
32	-4	50
18	16	58
4	24	36
2	14	46
0	-22	32
6	42	14
6	6	62
-4	4	60
18	-6	68
-8	0	68
64	-40	30
-42	-52	50
52	-38	48
64	-30	38
36	-58	48
-58	-36	36
-50	-42	48
12	-70	38
44	-46	40
24	-62	42
64	-26	24
-26	-66	50
-26	-60	38
14	-36	42
-14	-96	6
64	-40	16
60	-48	8
52	-50	16
52	-20	-6
-54	-40	20
38	-52	-14
50	-30	-2
36	-12	-8
54	-10	-10
10	-10	2
16	2	10
-10	-2	6
12	-18	14
-26	16	-6
6	-28	-22
2	-50	-40
-30	-58	-32
-12	-22	18
10	-56	-36
40	24	4
46	10	44
-32	20	4
-42	6	38
34	58	20
6	22	52
2	-22	32
58	-40	40
-62	-24	34
16	-66	40
30	-56	48
12	-90	4
-16	-92	-2
56	-20	-2
-8	-4	10
14	-14	16
-32	-56	-30
14	2	0
0	-52	-36

// Mostofsky S H, 2009: Healthy Controls
// Subjects=13
51.53	-11.05	53.9
-16.26	-54.51	-16.85
-4.89	14.31	41.15
-34.81	-1.91	64.55
-41.46	-29.43	46.1
26.99	-62.86	-16.75
14.22	-11.08	9.71
-62.09	-17.16	40.75

// Yu H, 2007: Healthy Controls
// Subjects=8
-42.25	-11.64	54.27
-53.04	-22.68	36.36
-6.01	11.75	50.78
-4.83	-3.5	59.85
-1.76	2.72	43.68
-44.46	5.18	51.77
47.37	12.7	44.51
-50.88	-.49	47.86
-49.03	11.93	15.57
53.58	12.8	17.66
-50.82	-39.42	39.97
63.42	-30.96	29.03
-53.22	-31.08	10.3
60.02	-22.03	7.13
-39.39	-11.96	8.54
42.9	-16.84	6.89
-12.65	-17.01	9.77
14.05	-13.67	9.18
-26.64	-2.71	3.16
26.79	3.15	5.4
-14.78	2.87	19.28
18.33	3.96	16.58
-23.43	-7.1	1.26
15.08	-67.88	-17.51
-15.96	-65.32	-22.94

// McNab F, 2008: Stop > Oddball (Stop Task)
// Subjects=11
45	15	-6
36	15	3
36	18	-18
-45	15	-9
-36	21	6
-36	12	12
30	45	36
30	42	24
42	42	27
15	9	69
15	-9	72
12	15	60
9	18	45
9	6	48
6	24	30
54	-45	36
63	-54	30
9	-18	9
9	-24	-6
15	-9	-3
24	-87	-15
42	-84	-9
39	-78	-15
27	-54	51
39	-39	51

// Taniwaki T, 2003: Self Initiated Movement vs. Rest, First Order Term Linear 
// Effect
// Subjects=10
28	-12	0
14	-18	4
6	-14	44
38	-40	64
34	-8	62

// Strakowski S M, 2008: Healthy Controls
// Subjects=16
49.42	7.37	30.43
48.4	5.68	36.16
-4.04	29.85	36.97
7.73	23.5	36.25
0.3	-19.96	25.48
8.88	-23.97	27.95
-2.05	-9	2.29
8.88	-23.97	27.95
-2.05	-9	2.29
8.65	-9.9	3.35
-39.55	16.07	-.5
43.84	13.74	3.2
-57.46	-51.63	6.5
59.69	54.82	-3.77
-31.49	-61.33	43.82
30.5	-65.28	42.32

// Townsend J D, 2012: Healthy Controls
// Subjects=30
-36	38	36
-36	48	20
32	58	16
-28	-4	48
-34	20	2
36	20	2
-42	14	2
2	16	38
-58	-46	20
-58	-40	42
-36	-46	44
46	-44	38
-58	-48	28
62	-44	30
-36	-90	-6
30	-60	36
-16	10	8
24	10	14
-22	10	8
20	10	0
-14	-10	8
16	-10	8
-8	-16	-8
10	-14	-10

// Zandbelt B B, 2011: Healthy Control Siblings of Schizophrenia Patients
// Subjects=22
48	16	-4
40	20	0
32	24	8
4	8	44
24	12	-8
8	16	36
36	36	36
28	-4	64
40	8	32
32	36	28
0	28	32
32	48	32
4	24	36
0	32	24
48	8	24
36	-4	56
48	4	48
12	0	68
8	-4	64
16	8	4
36	20	24
48	32	32
28	-8	44
32	4	44
28	0	48
12	-8	4
-12	-4	60
12	-8	56
28	-64	32
64	-44	24
60	-40	16
24	-64	40
60	-44	8
32	-52	40
60	-40	40
16	-72	40
28	-68	20
32	-60	40
48	-76	4
28	-48	36
52	-48	32
52	-36	24
52	-24	-16
36	-72	16
52	-48	0
56	-32	36
48	-52	40
48	-32	-4
52	-64	-4
52	-48	-12
8	-68	56
40	-52	56
32	-80	4
36	-84	8
-28	-24	4
-36	20	-4
-36	40	32
-40	32	40
-28	48	20
-32	52	24
-32	-8	44
-40	0	32
-56	-48	4
-56	-48	32
-44	-40	40
-56	-44	44
-56	-36	24
-64	-28	24
-24	-72	20
-28	-76	16
-40	-80	0
-36	-84	4
-52	-60	-8
-48	-68	-4
-40	-72	0
-28	-52	36
-12	-72	36
-20	-72	40
-24	-64	36
36	60	-4
28	64	0

// Zandbelt B B, 2011: Healthy Controls
// Subjects=22
-56	-44	28
-56	-44	36
-52	-28	40
-56	-32	32
-36	-24	32
-48	-36	32
-44	-60	36
-12	-20	4
-12	0	4
12	0	4
12	-20	8
8	-8	8
16	8	0
-12	-32	4
16	-32	8
20	-12	8
24	-20	8
32	-64	44
60	-36	28
16	-80	44
40	-36	36
-8	-80	40
-16	-84	40
-4	-64	56
-24	-52	60
-20	-76	36
64	-44	12
32	-44	44
52	-32	32
-20	-72	44
12	-88	32
56	-32	-12
48	-32	-8
-24	-64	56
52	-32	44
64	-48	32
52	-44	0
68	-20	-12
60	-24	28
-40	-8	48
-24	-4	52
-24	0	64
-24	-12	64
-20	-4	68
-16	-20	68
52	16	-4
36	24	-4
52	8	12
4	16	44
4	8	52
4	32	40
44	24	36
20	44	32
52	4	44
40	0	48
32	32	36
16	4	64
-8	36	36
52	4	36
52	8	28
16	-20	64
4	16	60
4	0	68
4	-12	64
40	20	48
16	-20	72
36	-4	60
32	48	24
4	16	28
8	-16	68
36	20	4
44	-76	4
36	-80	24
28	-76	16
52	-60	0
52	-56	-16
48	-48	-12
-28	40	36
-32	28	40
-40	40	24
-48	12	-8
12	-44	36
12	-28	36
16	-44	24
-24	-76	16
-36	-52	48
32	20	0
40	52	20
48	16	8
36	44	28
36	-4	48
40	0	44
24	-4	60
40	0	32
52	16	28
48	8	28
28	52	24
40	-4	60
52	20	20
20	0	8
16	8	8
44	0	56
20	4	68
12	12	4
40	16	48
48	28	28
40	32	32
36	24	36
-28	24	-8
-40	16	4
36	-52	36
56	-40	28
20	-72	36
48	-40	4
44	-52	36
56	-48	28
48	-60	0
56	-44	36
64	-44	16
52	-56	40
60	-4	8
52	-44	48
32	-72	20
44	-72	8
28	-68	56
4	28	36
-40	0	32
4	12	48
-4	8	48
-20	-8	60
8	16	40
-8	28	20
4	28	52
-44	-4	44
-44	4	20
8	32	24
-28	-64	36
-20	-68	40
-12	-72	36
8	-16	8
48	-24	-12
56	-28	-16
60	-24	-12
-56	-44	20
-60	-52	32
-56	-44	36
-64	-52	20
-56	-48	8
0	-20	-12
-32	52	28
-36	36	36
-40	48	16

// Subjects=0

// Subjects=0

// Misra G, 2015: Force Only > Baseline
// Subjects=15
5	13	45
0	-3	60
1	6	48
-43	2	6
-27	-4	2
-14	-19	9
-38	-15	56
-28	-92	-3
-42	-72	-1
-30	-51	57
-18	-75	-47
39	11	6
28	3	5
12	-19	7
38	-6	56
30	-96	-3
35	-85	4
45	-39	49
33	-46	52
16	-74	-45
23	-56	-21
58	9	28
47	-62	-1
62	-22	38
63	-32	22

// Lindberg P G, 2007: Healthy controls
// Subjects=6
63.03	-28.05	20.65
18.26	-7.27	73.14
57.15	-26.9	67.7
21.43	11.88	71.19
14.15	-13.83	3.26
-37.95	-61.8	-24.72
45.99	21.46	-34.39
-53.59	-21.46	28.71
-54.21	29.67	-9.96

// Langner R, 2014: Conjunction: Encoding and Recall Epochs for both 
// hands/delays
// Subjects=36
-1	-2	56
-44	-42	50
-54	5	33
-33	-9	62
-51	-36	21
-35	23	0
-1	15	42
-51	8	18
-30	-56	65
-15	8	-3
-39	-56	-30
-18	8	-1
-38	27	27
-17	-69	-24
-32	-60	42
-56	-54	2
-60	-15	23
-17	-12	9
47	-39	47
3	-2	54
40	-36	44
33	-60	-27
44	-45	48
51	8	21
30	-6	62
57	8	33
33	23	-1
15	-74	59
21	6	0
9	-68	48
51	-33	-3
8	14	33
20	9	6
41	30	24
60	-56	-8
5	-72	-20
18	-15	14

// Aramaki Y, 2006: Parallel
// Subjects=15
32	-28	58
30	-16	68
-42	-28	58
-60	4	28
-58	-2	38
-48	-38	52
0	2	64
6	-8	66
-8	-4	72
56	12	14
42	16	6
24	-4	8
-26	-6	12
-18	-20	8
14	-18	10
22	-66	-20
-26	-54	-22
-2	-72	-18

// Goerres G W, 1998: Unimanual Right Finger Press vs. Rest
// Goerres G W, 1998: Bimanual Asymmetric Finger Press vs. Rest
// Subjects=6
-32.71	-18.79	56.1
-30.46	-13.7	64.52
-26.13	-44.29	58.51
-54.68	-30.28	26.24
-8.87	-7.24	63.52
-7	8.12	44.03
-13.97	-15.2	1.64
-20.46	-10.97	1.33
-.88	-60.24	1.39
57.71	-38.39	25.12
12.58	2.64	53.21
12.54	13.28	52.16
5.88	14.14	38.74
16.28	-12.96	0.9
24.93	-1.88	4.14
9.87	-62.74	-3.03
-41.4	-21.36	52.02
-32.62	-13.7	64.56
-26.07	-46	63.16
-54.6	-34.12	31.1
-.33	3.01	57.87
-2.58	11.1	52.63
-2.75	11.98	39.1
-20.39	-14.8	6.19
-24.7	-3.77	9.65
-3.07	-60.45	-.79
36.51	-24.51	59.97
40.78	-11.73	58.63
27.95	-45.81	62.22
59.86	-34.13	24.67
10.48	3.05	57.69
8.27	13.68	56.67
8.05	12.02	38.91
14.19	-16.81	5.8
25	-3.59	8.79
7.71	-62.75	-2.99

// Sadato N, 1997: Normals, Group 1
// Subjects=12
-36.95	-24.77	61.25
36.46	-11.75	58.71
-32.78	-30.26	48.27
36.36	-30.01	47.07
-20.73	-61.09	-29.56
13.95	-60.13	-21.29
-22.64	-6.72	0.95
24.9	-6.55	0.12
-18.31	-8.83	1.08
16.37	-21.06	6.18
-30.37	-50.27	63.66
17.22	-65	64.3
6.16	0.91	57.97
59.7	6.28	20.67
-1.19	-25.32	-15.51

// Dettmers C, 1995: Correlation Between rCBF and Force
// Subjects=6
-23.89	-24.88	74.13
-19.65	-25.2	69.64
-21.8	-29.78	65.59
-38.94	-28.11	61.19
-41.13	-24.24	56.43
-43.3	-22.48	51.84
-.61	-9.54	50.27
-2.75	-16.24	46.39
-.71	0.35	40.52
-.74	-2.11	36.26
23.06	-14.37	68.25
23.08	-29.52	65.05
20.91	-29.87	60.65
20.85	-23.87	55.68
22.93	-17.85	50.7
31.09	33.01	19.57
28.92	32.66	15.17
20.45	-17.06	6.05
5.46	-46.02	-9.19

