// Reference=MNI
// Ruff C C, 2001: Repeated Word Reading, Incongruent vs. Neutral
// Subjects=12
-52	8	36
48	4	24
-36	-24	52
-36	-44	40
-28	-96	0
24	-84	-12
-40	-60	-24

// Abel K M, 2003: Neutral Faces vs. Fixation, Placebo
// Subjects=8
35.49	-72.19	-6.23
13.14	-85.64	0.73
46.97	0.84	-12.48
-44.97	10.87	-12.27
5.82	-77.46	24.67
43.86	-48.76	-20.56
35.78	-62.59	35.34
47.28	-46.43	9.32
-41.85	-5.37	-29.9
-48.84	4.04	37.42
35.09	10.41	-25.42
-37.61	17.37	-25.17
47.27	8.33	29.26
-37.19	7.39	24.73
12.57	41.36	-22.18
-21.15	28.52	35.05
47.48	-34.51	39.54
-41.11	-36.21	52.97
47.03	9.19	-.92
-37.37	15.46	5.1
-3.08	-19.66	2.08
39.61	-71.5	-25.29
-37.23	-71.02	-12.18

// Leung H C, 2000: Stroop Positive
// Leung H C, 2000: Inverse Stroop Positive
// Subjects=19
9.05	7.41	62.12
-5.91	6.18	61.28
7.72	28.87	36.92
-5.11	28.71	35.96
42.81	38.28	17.88
-41.6	36.72	18.98
48.31	12.48	27.79
-47.85	11.99	30.05
48.1	25.66	5.5
-45.93	24.03	6.71
20.39	3.2	6.58
-19.14	0.85	7.23
57.9	-40.53	2.01
-55.36	-43.24	4.66
37.48	6.47	6.11
-35.19	8.24	7.91
10.12	4.16	61.26
-8.03	2.02	62.77
9.83	31.88	34.41
-8.31	29.83	37.02
42.82	37.23	17.97
-41.6	37.86	20
50.45	12.49	27.76
-45.7	12.17	32.24
49.19	25.92	8.81
-44.84	25.36	9.93
20.4	2.23	7.78
-19.15	1.82	6.04
57.9	-41.59	2.1
-54.3	-43.32	3.53
37.5	0.13	6.64
-34.1	1.81	7.32

// Mead L A, 2002: Incongruent > Neutral
// Subjects=18
-45.72	7.6	28.16

// Milham M P, 2001: Incongruent > Neutral
// Subjects=16
44.14	13.48	41.13
1.4	15.51	43.68
-23.97	-67.46	46.47
-43.51	6.1	36.07
-35.14	24.15	21.08
-34.68	-50.27	49.61
-43.24	-43.8	51.4

// Beauchamp M S, 2001: Shifts of Attention vs. Fixation
// Subjects=9
-29.44	-3.99	55.71
33.61	-2.47	55.97
-42.44	1.79	35.3
44.14	2.48	36.48
-1.59	0.12	65.08
-26.07	-54.99	56.6
30.58	-56.76	56.1
-41.35	-71.62	7.99
47.33	-69.06	5.64
0.66	-63.46	54.78
3.66	-82.13	19.51
1.31	-78.82	-6.39

// Cools R, 2004: Object-Rule-Switch vs. Nonswitch
// Subjects=16
-30	27	6
-42	15	6
-42	9	21
-48	24	21
9	9	48
-27	-51	48
9	-3	-3
-45	0	33
24	0	54
-33	-87	0
15	-66	12

// DiGirolamo G J, 2001: Young Normals
// Subjects=8
-20.56	72.94	-9.95
-50.27	42.07	6.36
-30.49	-7.09	57.1
-32.49	-34.25	63.86
-50.21	27.27	7.6
-37.52	52.38	0.89
-31.04	31.1	0.37
-45.87	36.78	20.14
-35.34	28.61	-3.83
-19.57	-35.43	74.96
-.73	17.78	45.75
-28.52	15.33	44.04
-.73	22.19	47.61
-47.84	16.48	33.02
-41.46	20.57	30.37
-39.41	32.93	24.85
1.34	32.43	42.27
-15.84	-56.38	-3.62
-24.18	-65.29	19.53
-11.36	-100.42	4.48
-.67	-84.87	11.98
-30.53	-86.65	19.16
-37.07	-76.97	7.27
-17.62	-92.23	28.4
-34.9	-74.5	11.5
-.4	-60.12	56.74
-41.14	-39.73	48.81
-49.68	-30.98	52.63
-43.32	-59.98	34.92
-45.54	-19.12	40.44
-53.98	-20.26	54.01
-36.81	-25.99	60.99
-45.69	-71.19	0.2
-30.83	-39.21	-.43
-28.64	-38.68	6.2
50.01	56.28	-11.59
39.43	61.64	3.69
37.07	50.6	-28.81
56.66	14.88	2.96
50.24	23.47	4.54
50.33	31.01	19.52
60.85	16.16	-8.35
52.43	39.48	18.78
3.84	-38.43	61.56
12.51	-52.5	71.56
5.75	18.51	54.53
42.13	6.04	55.16
33.5	22.73	51.63
52.55	18.68	24.99
5.76	-12.13	43.72
1.49	-12.15	43.77
23.87	4.9	42.09
10.14	-39.59	45.97
20.63	-23.98	26.7
14.28	-84.95	9.58
33.56	-79.92	17.86
3.8	-95.99	32.93
20.5	-62.67	-5.74
29.54	-68.57	54.87
48.66	-38.85	52.16
48.61	-39.36	45.51
50.25	-7.17	-6.27
31.16	-45.35	-2.85
59.19	-55.82	24.47
48.33	-64.28	-1.46
43.81	14.46	-1.32
14.05	-30.13	2.76
20.73	-95.48	10.39

// Dove A, 2000: Task Switch - Task Repetition
// Subjects=16
-45.65	9.34	36.94
44.09	12.97	34.49
-37.36	23.2	8.91
30.97	26.35	2.29
-7.13	16.77	47.02
-32.55	-48.05	50.52
1.72	-74.54	49
-6.73	-65.9	65.1
-2.86	-12.95	33.85
-2.77	-34.01	36.73
-7.35	-11.94	5.94
5.49	-21.56	4.37
22.56	-27.25	-2.04

// Kringelbach M L, 2003: Conjunction of Main Reversal Task and Control 
// Reversal Task
// Subjects=9
44	26	-12
-46	28	-8
-6	18	48
40	18	28
-46	10	36

// Norris D G, 2002: Incongruent vs. Neutral, GE-EPI, Activations
// Norris D G, 2002: Incongruent vs. Neutral, SE-EPI, Activations
// Subjects=7
2.39	32.27	40.04
-39.3	8.78	29.1
48.33	20.39	33.81
-39.63	38.36	-1.25
34.12	58.69	7.35
-20.7	-76.7	50.56
28.43	-67.86	50.37
-39.24	-75.12	3.8
44.09	-75.94	-.44
0.27	31.28	41.26
-39.27	7.98	32.52
42.86	21.19	17.08
-45	44.59	-2.83
21.23	67.79	2.27
-26.09	-61.85	50.49
28.38	-70.58	42.79
-45.61	-80.28	6.53
42.04	-83.9	6.95
-10.83	73.06	4.43

// Banich M T, 2001: Incongruent, Color vs. Neutral
// Subjects=14
-43.56	14.39	33.14
-35.36	24.04	-7.91
3.5	21.7	40.91
-4.63	-72.84	57.85
18.58	-75.78	17.69
3.44	-77.75	-6.51
14.19	-90.21	-3.36
-23.93	-73.64	49.22
-43.28	-42.03	46.79

// Sylvester C C, 2003: Normals, Group 2
// Subjects=14
-15	-56	55
-45	-41	50
-41	8	30
11	-60	0
-11	-64	0
0	11	50
11	30	-5
-15	-26	-10

// Zysset S, 2001: Incongruent vs. Neutral
// Subjects=9
2.39	32.27	40.04
-39.3	8.78	29.1
48.33	20.39	33.81
-39.63	38.36	-1.25
34.12	58.69	7.35
-20.7	-76.7	50.56
28.43	-67.86	50.37
-39.24	-75.12	3.8
44.09	-75.94	-.44

// Kerns J G, 2005: Normal Subjects
// Subjects=13
1.36	19.48	40.01
-31.59	5.77	58.26
-26.12	-55.5	49.96
5.96	-59.54	49.93
55.08	-55.19	46.77
-43.49	6.36	39.39
54.72	14.72	28.64
-44.78	26.04	18.8
55.6	13.81	3.06
0.3	-60.63	8.82
52.29	20.42	-7.5
-38.56	19.62	-9.73
-56.45	-57.76	-4.15

// Heckers S, 2004: Normals
// Subjects=15
-42	40	14
-44	8	30
0	18	46
36	12	22
-28	6	42
42	44	26
22	46	-22
28	14	46
40	20	-10

// Weiss E M, 2003: Controls
// Subjects=13
-40	4	32
12	12	40
28	-56	44
-24	-64	36
28	-72	20
28	-84	4
-20	16	16
-28	20	-4
40	20	20

// Weiss E M, 2007: Controls
// Subjects=8
-48.25	13.11	30.8
53.11	12.02	13.49
39.78	39.88	-9.21
48.98	28.76	32.07
-4.99	17.94	34.06
-2.97	38.8	27.48
-50.23	-33.69	35.46
64.21	-44.86	24.53
46.95	-38.12	28.64
-32.86	-54.9	37.26
-63.48	-44.63	11
-28.71	-95.56	15.44
36.28	-72.19	32.19
-33.62	24.73	-6.46

// Bohland J W, 2006: Complex Sequence > Simple Sequence
// Subjects=13
22	-60	-20
32	-60	-26
-34	-56	-32
36	-54	-56
26	-32	-46
6	-74	-38
16	-70	-48
30	-62	-56
36	-44	-54
-44	-58	-10
6	-68	-18
30	-38	-50
4	-80	-18
-24	-64	-22
-48	-64	-22
22	-82	-18
-16	-62	-16
-30	-78	-22
-22	-84	-22
6	-88	-10
36	-38	-40
0	6	56
8	30	34
-2	18	46
0	2	68
0	-6	70
-2	22	36
-48	4	30
-56	-8	46
-50	28	24
-54	16	32
-50	-6	54
-54	6	42
-32	-4	64
-42	-2	44
-32	-4	52
-58	10	20
-26	-6	50
0	-6	12
-8	-2	10
18	-8	20
-32	22	4
-42	16	6
-48	14	2
-48	20	-6
40	22	2
50	20	-2
-30	-54	58
-26	-60	56
-30	-48	46
-48	-32	46
-26	-68	38
-52	-34	52
26	-64	64
32	-56	52

// Nakao T, 2005: Normals
// Subjects=14
42	14	-8
34	20	-2
36	20	-10
52	14	34
44	16	28
42	6	52
36	56	14
38	42	30
-50	12	32
-44	28	16
-44	10	24
-2	26	40
-6	20	46
6	28	32
16	0	14
-16	-2	12
-8	-20	6
32	-64	50
34	-50	40
-26	-62	54
-20	-70	52
-34	-54	54
-34	-88	8
-28	-80	22
38	-54	-20
34	-68	-30
42	-58	-32

// Kerns J G, 2006: Regions Active during Good Adjustment Trials for Both iI 
// and iC
// Subjects=26
-45.82	32.89	24.93
-54.21	9.21	35.93

// Chikazoe J, 2009: Infrequent-Go vs. Frequent-Go
// Subjects=25
32	52	-2
30	52	14
26	-4	64
-50	10	34
42	-4	40
52	0	40
-50	6	46
-4	12	60
-24	-68	46
22	-64	46
28	-74	22
-32	-64	-14
-36	-54	-22

// Fassbender C, 2006: Cue-Related Activations
// Fassbender C, 2006: Cued and Un-cued Correct Responses to Incongruent 
// Stimuli
// Subjects=15
-55.38	16.97	26.37
-40.45	14.52	20.83
38.64	23.97	25.82
43.02	10.76	33.57
26.13	-.32	56.99
-42.43	5.13	37.25
34.79	-50.74	51.09
-34.64	-49.84	55.15
-49.69	-37.67	48.73
-21.85	-58.82	47.95
32.2	-48.86	-7.03
9.78	26.97	25.9
13.12	-13.37	27.01
-32.06	21.75	3.4
33.08	23.82	-3.1
32.4	12.52	43.58
-47.82	8.99	32.53
52.62	19.45	34.96
-50.03	25.81	30.03
53.55	24.6	18.9
-41.56	34.95	23.59
-32.63	2.67	59.65
44.94	37.07	15.73
-41.69	48.98	12.38
26.6	56.02	0.97
3.49	26.01	41.66
-1.91	35.24	37.61
-46.53	-24.87	48.74
37.98	-50.89	48.83
-35.72	-37.87	58.62
-36.82	-54.68	47.78
24.21	-57.43	61.81
54.92	-38.15	33.07
11.36	-57.76	58.64
25.16	-67.43	42.56
-8.97	-60.43	53.52
-.49	-54.46	47.34
32.19	-46.83	-8.32
-36.17	-52.44	-5.95
-47.86	-57.28	1.29
49.27	11.29	12.26
-35.2	13.61	8.58
30.96	19.67	-1.61
-27.83	23.46	-2.37
11.8	11.52	4.87
0.04	-17.16	-7.09

// Alonso-Lana S, 2016: Healthy Controls
// Subjects=28
-50	8	28
36	22	4
44	-44	52

// Haist F, 2005: Healthy Controls
// Subjects=8
49.41	1.83	27.55
-42.51	5.42	27.19
42.26	-13.54	63.49
32.5	-5.19	48.41
-31.65	1.82	48.56
42.87	31.14	21.82
49.25	35.32	20.28
-33.21	50.55	4.34
-33.22	56.98	4.92
41.88	12.18	24.54
-54.25	-2.14	26.85
5.64	21.8	41.99
-2.9	20.69	42.18
-8.32	15.48	30.42
16.23	18.63	27.64
46.57	-24.09	64.33
-53.02	-20.31	39.51
-51.95	-41.08	32.31
27.37	-64.44	53.44
-28.19	-63.63	55.12
22.03	-69.93	51.73
-7.92	-60.59	51.29
-51.86	-44.62	41.53
61.22	-46.97	14.78
64.39	-47.3	10.31
-53.18	-41.66	11.19
38.87	-87.97	9.55
48.28	-68.05	-8.95
-39.39	-62.4	-10.65
-32.94	-69.68	-9
33.17	14.91	5.45
-32.02	16.63	6.06
16.19	-16.92	8.32
-12.72	-1.23	7.33
-16	19.9	5.6
23.62	-3.13	7.08
-.99	-55.2	-17.27
6.47	-75.22	-29.06
43.82	-63.36	-30.48
-25.64	-55.06	-27.04
-26.26	-3.17	52.26
-43.43	2.55	45.29
-53.16	9.04	33.7
-34.27	49.48	4.44
56.85	8.04	24.72
-48.91	7.75	30.42
-51.03	8.97	32.57
3.65	-4.22	49.77
-3.9	12.65	48.45
11.14	-1.81	52.83
11.35	-22.73	71.31
-51.91	-20.93	45.12
48.65	-35.68	51.9
-6.87	-61.82	49.15
30.41	-75.02	26.41
65.47	-47.2	11.41
-42.44	-46.62	14.83
50.56	-73.18	7.07
32.12	15.07	7.68
-30.93	17.95	9.28
-40.52	5.03	8.24
-9.49	-13.01	6.05
25.69	9.4	3.77
7.56	-76.01	-25.66

// Laurens K R, 2005: Control Subjects
// Subjects=28
-24	-4	-24
20	-8	-16
-28	-20	-12
32	-20	-12
-52	12	-16
56	8	-12
-36	20	-12
36	16	-4
-36	16	-12
40	8	-12
0	32	28
4	28	36
-4	4	36
0	-36	28
-64	-36	20
56	-40	4
-60	-48	24
64	-28	32
64	-48	-8
-36	-64	52
36	-60	48
-4	-60	48
8	-76	36
-36	-56	40
36	-60	44
-48	4	36
52	16	28
48	4	48
16	52	28

