// Reference=MNI
// Astafiev S V, 2003: Attention vs. Fixation
// Subjects=15
-25.02	-61.84	50.47
-29.24	-59.06	59.21
24.21	-62.97	58.93
28.39	-57.29	49.48
34.87	-56.57	58.27
-31.47	-49.02	51.7
43.41	-50	59.85
-16.43	-63.56	54.98
0.66	-52.54	58.32
4.9	-44.06	57.56
-29.45	-6.37	52.56
38.91	0.39	51.21

// Beauchamp M S, 2001: Shifts of Attention vs. Fixation
// Subjects=9
-29.44	-3.99	55.71
33.61	-2.47	55.97
-42.44	1.79	35.3
44.14	2.48	36.48
-1.59	0.12	65.08
-26.07	-54.99	56.6
30.58	-56.76	56.1
-41.35	-71.62	7.99
47.33	-69.06	5.64
0.66	-63.46	54.78
3.66	-82.13	19.51
1.31	-78.82	-6.39

// DiGirolamo G J, 2001: Young Normals
// Subjects=8
-26.99	72.73	-12.09
-33.4	68.29	-13.87
-56.28	-13.18	35.6
-41.45	16.34	30.72
-39.6	24.36	-3.43
-31.06	30.93	-1.84
-24.21	15.7	48.42
-.73	22.19	47.61
-45.79	35.35	29.18
-45.88	41.01	19.79
-15.61	-95.7	10.83
-19.81	-95.04	19.74
-17.82	-87.77	3.5
-.27	-67.55	70.74
-28.25	-60.97	48.21
-47.89	-49.88	0.67
-60.75	-59.1	-7.33
47.85	58.21	-13.96
4.94	78.24	-26.3
50.43	18.84	27.23
56.61	20.88	-2.01
54.56	43.73	18.4
31.38	14.09	50.15
5.62	30.34	42.39
56.87	23.62	33.45
18.64	-94.98	17.07
16.44	-93.39	10.27
27.02	-76.93	2.07
42.31	-42.6	59.24
35.88	-60.42	49.66
48.34	-64.11	0.75

// Kimberg D Y, 2000: Switch - Repeat
// Subjects=9
-35.79	-21.04	56.1
-37.32	-65.28	-20.47
-26.08	-62.82	51.68
18.64	-4.93	53.01
-3.1	-28.64	-3.86
33.76	-49.34	55.44
32.99	28.42	-12.41
53.71	-80.28	-2.41
61.22	-3.05	32.29

// Milham M P, 2003: Oddball
// Subjects=16
-28.4	-95.44	15.41
-34.99	-84.16	-3.3
-17.67	-97.14	19.89
-32.59	-85.8	30.27
35.77	-94.54	21.29
27.22	-103.39	17.67
42.19	-92.21	23.25
-28.89	64.2	15.41
-41.54	22	21.33
-45.87	19.18	12.69
-45.61	13.11	44.43
-37.61	60.15	-8.68
46.23	12.98	34.46
5.53	40.4	34.86
-30.36	-58.53	52.49
38.02	-56	51.49

// Brass M, 2004: Meaning Switch vs. Cue Switch
// Subjects=14
-38.22	8.96	31.31
59.92	24.21	13.29
39.07	-56.17	49.26

// Dreher J C, 2002: Switching vs. Baseline
// Subjects=8
-28	4	56
-40	20	32
48	16	40
60	28	32
-36	-56	52
36	-60	44
-28	-68	-40
0	-68	-32
52	-56	-4

// Sylvester C C, 2003: Normals, Group 1
// Subjects=14
11	-68	45
38	-56	50
-38	-41	45
26	0	55
-30	4	55
56	22	40
-49	26	40
-34	-75	20
-30	26	10
15	19	35
-8	11	50

// Weiss E M, 2003: Controls
// Subjects=13
-40	4	32
12	12	40
28	-56	44
-24	-64	36
28	-72	20
28	-84	4
-20	16	16
-28	20	-4
40	20	20

// Durston S, 2003: Compatible Increased, Incompatible No Monotonic 
// Relationship
// Subjects=9
32.69	-52.61	54.61

// Nakao T, 2005: Normals
// Subjects=14
42	14	-8
34	20	-2
36	20	-10
52	14	34
44	16	28
42	6	52
36	56	14
38	42	30
-50	12	32
-44	28	16
-44	10	24
-2	26	40
-6	20	46
6	28	32
16	0	14
-16	-2	12
-8	-20	6
32	-64	50
34	-50	40
-26	-62	54
-20	-70	52
-34	-54	54
-34	-88	8
-28	-80	22
38	-54	-20
34	-68	-30
42	-58	-32

// Stern E R, 2007: Position - Neutral
// Stern E R, 2007: Position - Neutral, Positive Correlation with Behavioral 
// Cueing Effect
// Subjects=14
32	46	-20
22	54	20
-2	6	48
38	-54	48
12	-72	48
-42	-40	48
12	-60	66
-32	-54	66
-36	-60	-30
26	-56	-26
-12	-62	-28
16	-12	16
36	46	40
-56	-64	22
64	-52	-4
12	-78	52
-22	-74	60
16	-62	70
36	-56	58
-42	-56	54
32	-64	32
28	-80	16
38	-92	-14
-22	-96	20

// Talmi D, 2008: High Attention (HA) > Low Attention (LA): Scrambled Pictures
// Subjects=11
31.61	-56.04	51.57
-26.16	-80.13	34.18
-28.39	-88.83	18.21
-32.02	-48.16	-19.74
50.34	-57.81	-14.3
30.97	-34.12	-22.75
51.48	6.61	20.44
-51.04	5.54	29.51
-26.17	-1.17	64.36
-32.08	14.89	-2.72
38.43	15.14	-5.78
-1.84	23.87	41.91

// Belger A, 1998: Shape Task > Fixation
// Belger A, 1998: Location Task > Fixation
// Subjects=18
23.61	57.17	29.9
33.31	40.48	33.42
-34.12	37.91	19.91
45.92	38.42	5.57
-37.43	34.57	4.61
35.36	-55.95	-16.51
-37.33	-57.7	-18.87
47.16	-56.51	-11.02
-44.78	-57.49	-15.46
-56.45	-59.96	-5.08
-59.45	-31.52	32.71
31.54	-50.13	45.5
-35.82	-54.22	39.92
6.3	49.38	-.48
-1.14	51.97	6.08
-22.43	36.24	10.99
50.2	37.39	5.6
-24.83	44.48	-19.78
7.99	-51.84	39.22
-4.2	-57.51	-19.27
3.65	-39.35	35.99
6.81	-37.64	30.24
51.67	-47.49	22.74
-59.69	-41.66	-2.12
48.59	-56	36.87
-53.03	-62.12	21.82
31.58	-49.7	51.04
-29.31	-60.89	49.33

// Fassbender C, 2006: Cue-Related Activations
// Fassbender C, 2006: Cued and Un-cued Correct Responses to Incongruent 
// Stimuli
// Subjects=15
-55.38	16.97	26.37
-40.45	14.52	20.83
38.64	23.97	25.82
43.02	10.76	33.57
26.13	-.32	56.99
-42.43	5.13	37.25
34.79	-50.74	51.09
-34.64	-49.84	55.15
-49.69	-37.67	48.73
-21.85	-58.82	47.95
32.2	-48.86	-7.03
9.78	26.97	25.9
13.12	-13.37	27.01
-32.06	21.75	3.4
33.08	23.82	-3.1
32.4	12.52	43.58
-47.82	8.99	32.53
52.62	19.45	34.96
-50.03	25.81	30.03
53.55	24.6	18.9
-41.56	34.95	23.59
-32.63	2.67	59.65
44.94	37.07	15.73
-41.69	48.98	12.38
26.6	56.02	0.97
3.49	26.01	41.66
-1.91	35.24	37.61
-46.53	-24.87	48.74
37.98	-50.89	48.83
-35.72	-37.87	58.62
-36.82	-54.68	47.78
24.21	-57.43	61.81
54.92	-38.15	33.07
11.36	-57.76	58.64
25.16	-67.43	42.56
-8.97	-60.43	53.52
-.49	-54.46	47.34
32.19	-46.83	-8.32
-36.17	-52.44	-5.95
-47.86	-57.28	1.29
49.27	11.29	12.26
-35.2	13.61	8.58
30.96	19.67	-1.61
-27.83	23.46	-2.37
11.8	11.52	4.87
0.04	-17.16	-7.09

// Rudie J D, 2012: Typically Developing Controls
// Subjects=25
58	16	14
-56	10	18
50	4	42
-52	4	42
46	44	-4
-44	40	18
38	40	28
-26	-2	54
38	20	-2
-32	22	2
4	14	50
10	18	30
64	-32	30
-50	-42	52
26	-52	50
-30	-48	42
34	-80	24
-36	-88	20
16	-78	54
-22	-60	46
54	-44	10
48	-24	-6
44	-50	-10
16	42	-18
18	0	14
20	2	8
-18	-2	6

// Barros-Loscertales A, 2011: Healthy Controls
// Subjects=16
15	14	52
15	9	55
-45	22	32
42	-1	36
59	21	7
-45	22	29
53	-26	-1
45	-64	-2
33	-53	52
-30	-64	53
50	-42	38
-36	-45	38
-15	-11	6
15	-5	11

// Laurens K R, 2005: Control Subjects
// Subjects=28
-24	-4	-24
20	-8	-16
-28	-20	-12
32	-20	-12
-52	12	-16
56	8	-12
-36	20	-12
36	16	-4
-36	16	-12
40	8	-12
0	32	28
4	28	36
-4	4	36
0	-36	28
-64	-36	20
56	-40	4
-60	-48	24
64	-28	32
64	-48	-8
-36	-64	52
36	-60	48
-4	-60	48
8	-76	36
-36	-56	40
36	-60	44
-48	4	36
52	16	28
48	4	48
16	52	28

