// Reference=MNI
// Subjects=0

// Desmurget M, 2001: Overall hand-reaching effect
// Desmurget M, 2001: Strict hand-reaching effect
// Subjects=7
-39.96	-24.35	68.69
-35.78	-23.07	57.38
-42.13	-18.1	67.08
-55.03	-25.55	54.47
-27.07	-51.05	66.32
-49.85	-28.29	32.33
-23.9	-61.23	58.22
-5.91	-20.14	51.22
-48.89	-22.8	20.71
-46.75	-61.25	4.95
5.41	-22.33	-5.6
-15.86	-17.03	9.81
-28.64	-21.07	13.64
7.55	-49.78	-16.71
28.72	-64.99	-50.25
-20.22	-54.17	-16.02
5.26	-37.07	-31.13
-36.86	-18.84	57.04
-42.13	-18.1	67.08
-59.35	-17.29	51.59
-27.07	-51.05	66.32
-47.69	-28.02	35.63
-23.9	-61.23	58.22
-47.07	-32.73	-25.32
-44.57	-65.21	8.6
3.35	-22.71	3.37
-.9	-22.48	6.75
4.37	-53.94	-15.21
25.51	-68.27	-51.05
-24.48	-62.83	-17.48
-2.15	-30.97	-20.4

// Ehrsson H H, 2000: Foot vs. Rest
// Ehrsson H H, 2000: Simultaneous vs. Rest
// Ehrsson H H, 2000: Conjunction Analysis
// Subjects=8
8.14	-17.29	73.12
-8.87	-40.65	75.28
-4.92	-0.05	49.52
-11.73	-39.4	-18.47
46.27	-27.17	24.44
35.42	-9.23	9.68
58.94	8.69	19.06
14.03	-16.05	6.04
-45.65	-21.38	25.01
10.3	-17.1	75.31
35.85	-24.49	60.03
29.51	-15.05	72.69
7.94	-4.03	51.94
-15.98	-45.77	-17.89
44.13	-25.07	24.29
-6.74	-42.93	73.21
14.04	-18.16	6.22
28.95	-3.27	4.8
-1.06	-61.52	-30.12
-23.93	-8.85	75.01
-43.49	-23.31	27.38
-28.32	-32.08	50.25
-32.43	-39.19	68.73
22.46	-45.89	-22.78
-34.76	-1.65	58.92
41.83	-.39	13.33
7.95	-3.86	54.15
16.71	-12.67	77.1
29.54	-34.42	69.85
16.78	-51.42	71.42
-9.07	-9.79	61.54
-19.68	-6.88	72.57
46.11	-12.34	9.82
37.57	-9.05	11.87
31.08	-3.25	4.77
58.96	8.86	21.28
14.03	-16.05	6.04
-13.85	-43.65	-18.09
-47.8	-21.56	22.82

// Gosain A K, 2001: Finger-tapping vs. Rest
// Subjects=5
41.11	-16.52	52.61
-45.44	-19.15	53.82

// Indovina I, 2001: Move vs. No-Move
// Indovina I, 2001: Move-Attend vs. No-Move
// Indovina I, 2001: Move-Attend vs. Move
// Indovina I, 2001: Attend vs. No-Move
// Subjects=9
-38	-20	68
-44	-18	48
-30	-8	50
-60	8	24
-58	8	4
50	-24	36
-4	-4	52
-2	10	44
-10	10	40
52	18	-4
52	12	12
58	12	24
-30	-68	-26
16	-52	-26
4	-64	-26
-44	-18	56
-54	-28	56
-26	-2	54
-42	-30	42
48	-22	48
62	-22	40
60	-16	14
36	-64	56
54	-26	44
-2	-4	54
-4	16	46
8	18	44
-4	14	38
-32	16	4
42	24	-2
56	20	-4
54	18	18
42	26	-20
-32	-66	-28
-14	-62	-26
36	-54	-34
10	-62	-18
-2	-88	-24
-6	26	38
2	26	26
8	30	38
44	-26	64
32	-10	70
32	-64	62
38	20	-8
36	26	-30
-36	-74	-22
-42	-58	-20
48	-68	-26
46	-70	-16
-8	-84	-26
2	-8	8
6	-24	-2
-2	8	56
-6	14	38
48	-20	46
54	-14	38
38	-26	46
42	-8	50
38	22	2
-40	-70	-30
-38	-62	-20
42	-70	-30

// Subjects=0

// Subjects=0

// Subjects=0

// van Mier H, 1998: Normal Adults - Right Tracing
// Subjects=16
-33.64	-16.45	60.15
12.98	-57.6	-8.31
-5.94	-3.94	54.32
26.14	-3.58	56.15
41.22	-41.81	55.84
17.81	-62.84	61.22
51.76	-25.6	44.32
51.51	9.15	25.8
-51.02	9.05	33.68
10.81	-11.84	5.72
-14.79	-20.28	8.95
23.6	-56.11	-17.48
12.84	-74.46	-33.66
-23.48	-76.8	-33.04
-32.12	-49.18	-33.03
-44.37	-60.87	37.23
-2.33	55.08	-8.66
0.46	-41.39	37.32
-1.64	-56.38	36.37
-36	20.75	45.91
-27.5	33.49	44.74
-10.38	40.45	50.65
19.38	56.52	35.58
-55.54	-4.46	-3.06
-57.47	-37.45	10.89
6.3	18.66	-12.4
51.25	6.41	-9.66
-23.63	68.84	6.04
-33.64	-16.45	60.15
12.98	-57.6	-8.31
-5.94	-3.94	54.32
26.14	-3.58	56.15
-25.12	-3.54	61.2
41.22	-41.81	55.84
17.81	-62.84	61.22
-18.51	-56.37	65.55
23.6	-56.11	-17.48
12.84	-74.46	-33.66
-32.12	-49.18	-33.03
-55.54	-4.46	-3.06
-33.64	-16.45	60.15
12.98	-57.6	-8.31
-5.94	-3.94	54.32
26.14	-3.58	56.15
-25.12	-3.54	61.2
41.22	-41.81	55.84
17.81	-62.84	61.22
-18.51	-56.37	65.55
23.6	-56.11	-17.48
12.84	-74.46	-33.66
-32.12	-49.18	-33.03
-55.54	-4.46	-3.06
-33.64	-16.45	60.15
12.98	-57.6	-8.31
-5.94	-3.94	54.32
26.14	-3.58	56.15
-25.12	-3.54	61.2
41.22	-41.81	55.84
17.81	-62.84	61.22
-18.51	-56.37	65.55
23.6	-56.11	-17.48
12.84	-74.46	-33.66
-32.12	-49.18	-33.03
-55.54	-4.46	-3.06
-33.64	-16.45	60.15
12.98	-57.6	-8.31
-5.94	-3.94	54.32
26.14	-3.58	56.15
-25.12	-3.54	61.2
41.22	-41.81	55.84
17.81	-62.84	61.22
-18.51	-56.37	65.55
23.6	-56.11	-17.48
12.84	-74.46	-33.66
-32.12	-49.18	-33.03
-55.54	-4.46	-3.06

// van Mier H, 1998: Normal Subjects - Left Tracing
// Subjects=16
36.9	-18.14	59.48
-14.78	-62	-7.62
2.58	0.17	51.65
-25.12	-3.54	61.2
-35.71	-39.9	59.91
17.84	-58.1	67.51
-18.51	-56.37	65.55
-55.12	-24.29	43.21
55.8	11.47	27.79
-53.18	4.47	29.62
13	-15.71	10.48
-10.46	-19.74	15.55
2.24	-23.15	-2.15
27.9	-60.14	-14.96
17.08	-72.67	-38.32
-21.43	-64.44	-38.56
-50.79	-63.19	35.27
1.94	55.1	-8.71
-1.6	-42.84	46.38
-1.63	-58.5	36.54
-38.12	18.79	48.32
-21.09	37.93	46.52
23.69	48.08	36.24
-49.19	-5.11	-12
-59.6	-39.58	11.09
-0.07	16.85	-7.71
46.93	5.87	-16.25
-21.47	62.51	6.55
36.9	-18.14	59.48
-14.78	-62	-7.62
2.58	0.17	51.65
26.14	-3.58	56.15
-25.12	-3.54	61.2
-35.71	-39.9	59.91
17.84	-58.1	67.51
-18.51	-56.37	65.55
27.9	-60.14	-14.96
17.08	-72.67	-38.32
-32.12	-49.18	-33.03
-49.19	-5.11	-12
36.9	-18.14	59.48
-14.78	-62	-7.62
2.58	0.17	51.65
26.14	-3.58	56.15
-25.12	-3.54	61.2
41.22	-41.81	55.84
17.84	-58.1	67.51
-18.51	-56.37	65.55
27.9	-60.14	-14.96
17.08	-72.67	-38.32
-32.12	-49.18	-33.03
-49.19	-5.11	-12
36.9	-18.14	59.48
-14.78	-62	-7.62
2.58	0.17	51.65
26.14	-3.58	56.15
-25.12	-3.54	61.2
41.22	-41.81	55.84
17.84	-58.1	67.51
-18.51	-56.37	65.55
27.9	-60.14	-14.96
17.08	-72.67	-38.32
-32.12	-49.18	-33.03
-49.19	-5.11	-12
36.9	-18.14	59.48
-14.78	-62	-7.62
2.58	0.17	51.65
26.14	-3.58	56.15
-25.12	-3.54	61.2
41.22	-41.81	55.84
17.84	-58.1	67.51
-18.51	-56.37	65.55
27.9	-60.14	-14.96
17.08	-72.67	-38.32
-32.12	-49.18	-33.03
-49.19	-5.11	-12

// Gerardin E, 2000: Motor Execution vs. Rest
// Subjects=8
57	18	24
39	-15	63
-42	-18	66
42	-3	60
-36	-3	66
6	6	57
-9	9	51
3	-3	66
-3	3	66
42	-33	60
-48	-24	57
36	-36	66
-30	-42	66
-45	-36	60
60	-9	15
-60	-15	21
24	18	6
-30	6	6
27	-9	12
-33	-3	6
15	-12	9
-18	-15	9
21	-45	-18
-27	-45	-18

// Grosbras M H, 2001: New, Memory vs. Rest
// Grosbras M H, 2001: Familiar, Memory vs. Rest
// Subjects=10
-28	-12	56
-32	-8	64
-32	0	52
24	-8	48
-48	-12	52
-52	-8	48
36	-4	44
-8	-4	64
8	-16	64
-12	8	60
4	-48	-12
-32	-52	72
-28	-76	32
-28	-60	56
24	-56	56
-48	-32	44
32	-28	40
-28	-56	32
-44	-56	32
-36	-76	20
-12	-72	8
-28	-16	52
24	-8	48
-48	-12	52
4	52	-8
-16	40	52
4	56	32
-28	-60	48
24	-48	24
-44	-56	28
-12	-72	8
12	-72	8
28	-60	4

// Nobre A C, 2000: Areas Common to Saccades and Attention
// Subjects=4
45	6	42
54	3	24
45	3	51
60	-3	33
57	-6	42
-45	-3	51
-54	-6	39
-30	-6	60
51	33	15
42	27	18
51	15	-15
54	6	-9
-51	9	-3
-57	0	6
-3	3	60
6	18	48
6	18	30
9	9	42
-3	9	45
42	21	0
-36	24	3
-39	15	3
57	-45	45
33	-57	60
-51	-36	36
-30	-57	57
-24	-63	60
-24	-66	51
54	-42	9
57	-42	18
48	-60	-3
54	-63	-9
-45	-66	-9
-27	-57	-24
-33	-69	-18
27	6	3
33	-3	3
-27	3	-6
-27	-3	3
36	-45	-30
48	-54	-33
-39	-51	-30

// Nobre A C, 2002: Areas Common to Search and Saccades
// Subjects=6
60	-10	48
46	-8	38
62	-6	36
64	-6	24
54	-4	32
60	6	36
-50	-6	28
-50	0	36
32	-68	54
34	-60	64
16	-84	40
10	-82	46
14	-78	56
10	-74	50
-18	-78	48
-24	-72	44
-24	-62	62
68	-32	8
60	-18	2
68	-14	4
18	-92	16
36	-90	10
38	-90	2
2	-88	6
32	-84	20
2	-82	16
18	-76	-8
46	-76	-10
14	-74	0
12	-72	10
4	-72	24
0	-70	-22
26	-68	-8
22	-64	-14
40	-64	-22
8	-52	-26
-16	-90	16
-26	-86	18
-34	-86	14
-14	-80	0
-2	-80	6
-44	-80	-6
-34	-70	-10
-44	-64	-22
-8	-60	-20
-42	-50	-24
10	-26	8
18	-20	4
-28	-22	2
2	-24	-4

// Subjects=0

// Gelnar P A, 1999: Motor vs. Rest
// Subjects=8
-2.77	-3.2	49.76
1.71	-3.24	76.48
-43.29	-9.11	59.64
-36.77	-23.36	67.46
-47.6	-24.96	47.64
-52.04	-17.9	29.26
-47.58	-31.31	48.17
-36.74	-29.7	67.99

// Subjects=0

// Gitelman D R, 2002: Saccade - Central
// Subjects=17
48	-6	42
-33	-6	48
57	18	-6
-54	15	-9
3	-3	60
6	-60	51
-6	-63	54
-3	-75	36
-15	-78	48
6	-84	27
-18	-75	24
18	-54	-6
-15	-54	-6
0	-84	-12
-6	-72	-3
0	-90	15
-3	-66	-15

// Joliot M, 1999: PET
// Joliot M, 1999: fMRI-Average
// Subjects=8
-6	-6	50
-38	-20	62
36	34	26
-40	-24	52
-48	-2	8
-52	-26	28
52	-38	40
-56	-52	2
-32	-4	2
-24	-22	8
28	-48	-22
-6	-10	56
6	0	48
46	-16	58
-58	0	38
60	0	28
38	38	30
-38	-24	52
-58	0	8
54	2	10
38	-4	10
-50	-24	20
64	-32	40
54	-40	52
-24	-6	6
-24	-62	-24
20	-52	-20

// Subjects=0

// Subjects=0

// Subjects=0

// Subjects=0

// Subjects=0

// Subjects=0

// Subjects=0

// Rubia K, 2001: Generic Go/No-Go Activation
// Rubia K, 2001: Generic Stop Activation
// Subjects=15
-36.09	24.2	35.58
50.4	27.38	27.63
-51.25	13.26	5.45
44.07	7.25	29.39
4.51	37.56	39.57
-1.78	4.75	42.39
4.62	20.1	47.72
-54.29	33.61	35
53.94	-48.22	40.62
-39.25	-78.55	0.74
19.86	-68.09	48.25
-11.1	-62.47	54.83
53.46	5	-.64
43.83	20.17	3.77
-41.68	12.89	-.21
53.91	-39.76	39.91
4.71	8.9	54.24
7.7	30.81	34.52

// Subjects=0

// Subjects=0

// Paus T, 1993: Group 1 Normals
// Subjects=8
-23.16	10.08	44.42
27.11	8.61	48.43
-7.4	33.67	17.73
-8.57	35.98	6.4
-18.58	-59.26	55.76
39.02	-52.28	44.48
-35.79	-41.81	48.92
5.74	-78.23	14.69
-20.85	-84.85	27.82
-7.23	-87.59	-8.91
-36.88	-24.47	53.05
-2.81	10.63	49.72
47.54	-33.91	47.3
2.39	-29.26	15.09
-12.75	-21.29	-4.37
-37.02	3.74	46.23
-19.86	3.29	52.76
-11.23	2	62.81
-23.91	-53.66	59.81
28.46	-54.4	59.27
5.74	-76.03	15.62
-20.85	-90.3	26.05
-10.42	-85.24	-5.72
-2.93	-24.64	20.34

// Paus T, 1993: Group 2 Normals
// Subjects=9
28.23	6.93	54.13
-8.09	3.54	54.83
30.55	-57.02	52.78
-19.66	-57.24	54.49
4.67	-88.18	9.96
44.05	-71.97	-4.11
-28.38	-87.61	20.33
51.45	-63.97	-11.56
56.93	-52.71	9.74

// Subjects=0

// Carey L M, 2000: Initial Scan:  Right Hand Finger Tapping - Rest
// Carey L M, 2000: Six-Month Scan:  Right Hand Finger Tapping - Rest
// Subjects=10
-32.55	-30.53	56.86
-21.78	-44.93	62.4
-.56	-13.42	55.05
-36.85	-24.22	56.38
-28.27	-32.62	56.98
3.74	-10.94	59.26

// Subjects=0

// Subjects=0

// Subjects=0

// Subjects=0

// Subjects=0

// Kawashima R, 2000: Task vs. Control
// Subjects=9
-31.48	-11.78	65.31
-23	-9.16	57.19
14.33	1.3	51.42
55.53	39.45	4.25
-42.13	-25.76	64.37
56.05	-51.81	35.32
-68.27	-25.6	-0.02
59.95	-39.18	-8.16
13.15	-103.07	-4.5
16.35	11.11	40.54
14.96	37.43	9.35
-23.44	14.82	9.46

// Heide W, 2001: Triple-step saccades vs. Fixation without peripheral 
// stimulation
// Heide W, 2001: Triple-step saccades vs. Fixation during visual stimulation
// Heide W, 2001: Visually guided saccades vs. Fixation without peripheral 
// stimulation
// Subjects=6
-32	-8	52
-48	-4	40
-48	4	28
-8	4	48
-40	-44	40
-32	-56	56
-20	-72	56
-16	-76	44
-16	-60	68
32	-4	56
44	-8	48
52	0	36
44	-48	48
38	-56	52
36	-76	44
16	-68	56
20	-60	68
12	-80	48
-32	-8	56
-44	-4	44
-48	4	28
-4	4	48
-8	-4	60
-32	-56	56
-20	-72	56
-12	-64	64
28	-4	56
48	-4	44
48	4	28
8	0	52
4	8	44
20	-60	68
20	-72	52
12	-80	48
0	-88	28
32	-76	40
40	-80	24
-28	-8	52
-44	-8	44
-4	4	48
-28	-56	60
-24	-68	60
32	-8	56
48	-8	44
52	0	36
20	-60	68
18	-68	44

// Umetsu A, 2002: R-FP vs. Control
// Umetsu A, 2002: R-FEP vs. Control
// Umetsu A, 2002: L-FEP vs. Control
// Subjects=10
-56	-21	48
-46	-21	60
-35	-10	60
-46	-14	54
-32	-14	60
-38	-35	54
28	-14	60
24	-46	-30
4	-7	66
-10	-10	54
0	4	54
38	-28	60
46	-24	54
32	-18	66
-42	-28	60
-38	-14	54
-32	-10	60
-46	-35	54
-32	-49	-30
-32	-60	-30
-10	-60	-18
-4	-10	66
0	0	48
4	-21	54

// Binkofski F, 2000: Somatosensory Guided Movement vs. Rest
// Binkofski F, 2000: Visually Guided Movement vs. Rest
// Subjects=6
-44	-32	46
39	-9	49
59	2	27
-38	-10	50
4	0	50
-5	-4	50
38	-38	44
-40	-40	40
-40	-56	52
-44	-32	46
39	-9	49
59	2	27
-38	-10	50
-5	-4	50
-5	-8	38
-40	-40	40
-40	-56	52

// Binkofski F, 2002: Conjunction of Active Conditions vs. Baseline
// Binkofski F, 2002: Motor-directed Attention
// Binkofski F, 2002: Visually-directed Attention
// Subjects=6
-48	-8	56
12	-56	-16
20	-96	12
-30	-92	8
20	60	1
56	16	8
36	-48	62
56	-28	24
28	-56	52
44	-60	16
44	40	28
-56	8	40
56	-52	44
4	-56	48
48	-86	-20
-52	-56	-12
32	-76	-16
-16	-84	-12
-8	-84	8

// Watanabe J, 2002: Specific Activation Areas During NO-GO Phase
// Subjects=11
-30	54	24
-28	-62	40
30	46	14
44	-74	2

// Braver T S, 2001: Conjunction Analysis
// Braver T S, 2001: Disjunction Analysis
// Subjects=14
38.46	47.35	11.59
38.42	17.25	-5.96
-33.15	17.08	-1.77
3.6	8.47	48.71
61.31	-47.17	25.95
42.25	-38.89	52.24
13.48	-67.87	51.65
-6.78	-67.48	58.54
-26.72	-65.01	-31.76
35.37	45.18	25.19
48.28	13.28	24.37
54.56	8.6	4.62
13.03	23.1	30.65
16.49	12.49	58.26
57.95	-55.34	3.25
29.38	-69.06	34.84
54.95	-40.1	35.47
-58.33	-47.38	34.03
16.72	-70.76	55.2
35.99	-53.76	66.94
3.7	2.89	59.21
-.66	-1.33	46.24
-35.78	-26.41	55.43
-49.07	-4.96	3.6
-55.25	-25.67	25.48
-36.16	-76.47	-13.97
35.13	-57.21	-46.51
22.97	-6.51	59.78

// Subjects=0

// Kawashima R, 1996: Response Selection - Control
// Kawashima R, 1996: Go/NoGo Task - Control Task
// Subjects=9
-36.84	-14.18	62.23
-28.37	-18.25	50.2
-22.93	-8.47	66.05
-13.31	-13.87	64.16
-52.12	-1.15	25.62
-5.77	-16.49	70.98
-52.07	-31.36	20.35
-65.91	-50.73	18.79
-19.97	-58.2	14.43
-37.24	-77.71	-16.08
-4.86	-6.05	54.49
-35.18	-79.61	-27.1
5.97	-13.24	70.58
5.8	-42.51	36.23
41.97	-48.32	12.88
42.17	-81.47	24.58
28.95	-59.25	-17.27
29.97	-65.3	-26.82
-30.54	-3.29	51.2
-41.3	-6.24	41.54
-8.19	36.57	55.41
-7.08	21.69	55.53
-14.04	74.1	4.38
-56.41	-12.35	18.81
-21.8	-38.59	61.87
-47.56	-57.46	40.33
-41.36	-44.24	17.96
-41.26	-58.62	24.74
-52.26	-54.19	-13.42
-11.59	-42.35	-1.5
-6.97	-19.01	52.25
-2.99	27.4	32.7
-5.16	20.53	26.61
-29.76	-23.8	6.08
-34.21	21.56	1.21
-11.59	-43.41	-1.41
-4.19	-22.21	-3.27
41.71	-16.99	-8.7
9.04	-50.95	36.9
28.8	9.45	-9.65
-36.84	-14.18	62.23
-28.37	-18.25	50.2
-22.93	-8.47	66.05
-13.31	-13.87	64.16
-52.12	-1.15	25.62
-5.77	-16.49	70.98
-52.07	-31.36	20.35
-65.91	-50.73	18.79
-19.97	-58.2	14.43
-37.24	-77.71	-16.08
-4.86	-6.05	54.49
-35.18	-79.61	-27.1
5.97	-13.24	70.58
5.8	-42.51	36.23
41.97	-48.32	12.88
42.17	-81.47	24.58
28.95	-59.25	-17.27
29.97	-65.3	-26.82
-45.49	-12.01	49.88
-39.24	-3.74	32.38
-29.43	-13.77	53.18
-26.49	29.55	35.02
-27.68	54.75	30.69
-34.66	-32.4	60.38
-49.98	-5.54	23.74
-29.47	-62.52	28.28
-26.32	-74.1	15.83
-7.15	11.06	41.93
-35.12	-6.48	10.26
8.04	4.75	69.05
21.54	38.13	31.52
44.15	12.51	42.33
43.94	35.63	24.78
37.64	23.5	33.68
39.68	18.17	19.6
23.35	32.51	-13.75
5.63	13.97	37.07
5.58	9.05	28.57
14.06	-19.05	8.52

// Liddle P F, 2001: Go - Baseline
// Liddle P F, 2001: Correct NoGo - Baseline
// Subjects=16
-38	-26	65
-8	-15	70
0	15	45
-26	-41	70
-45	-45	60
-8	-52	70
-64	-38	30
68	-30	30
8	-64	65
8	-75	55
56	-45	50
-60	15	-10
54	22	-15
-60	-19	10
68	-19	15
-68	-30	25
-1	-8	10
11	-4	15
14	-8	24
-4	-22	15
-14	-4	24
8	-34	5
-11	-4	15
8	0	5
8	-90	35
-4	-90	35
26	-52	-25
19	-68	-50
-34	-49	-50
-34	-49	-30
26	-45	-50
-26	-71	-50
8	15	65
4	19	45
26	52	35
8	-15	70
52	-52	50
-26	-41	70
-8	-34	75
-45	-49	60
8	-75	55
52	22	-15
-52	19	-15
-64	0	-5
-15	-4	15
8	-82	45
-4	-90	35
45	-49	-30
-26	-68	-50
-38	-64	-25
15	-79	-45

// Menon V, 2001: Go/NoGo - Go
// Menon V, 2001: Go - Rest
// Subjects=14
-34	50	32
26	46	30
-40	30	2
40	20	2
-42	-8	46
50	-4	42
4	16	46
-18	-58	-6
20	-60	8
36	-56	44
-22	-52	46
-14	-6	2
16	-6	12
38	-26	56
-8	2	56
44	-68	-20
-46	-68	-16
-34	-66	56
-42	-4	46
50	2	38

// Subjects=0

// Ehrsson H H, 2001: Precision Grip - Baseline
// Ehrsson H H, 2001: Small Force - Large Force
// Subjects=6
-36	-20	48
0	0	48
-64	0	16
-48	-32	20
-24	0	8
-16	-16	12
-36	16	8
-40	-40	36
-40	-4	16
-12	-20	40
-52	40	20
-32	-60	40
-48	52	12
-12	-68	36
64	-36	36
56	4	8
56	0	40
56	-36	32
24	4	8
40	0	32
40	-40	36
44	32	24
28	16	4
48	-52	52
32	40	16
44	-40	16
28	-68	40
36	-64	60
-64	12	28
0	16	32
52	-44	48
48	4	28
64	12	12

// Subjects=0

// Subjects=0

// Murtha S, 1999: Semantic Judgment Anticipation - Baseline (Activations)
// Subjects=10
-55	-14	29
-63	-6	18
-19	51	-9
31	51	-2
3	18	44

// Subjects=0

// Catalan M J, 1998: Sequence-12 vs. Rest
// Catalan M J, 1998: Sequence-12 vs. Simple
// Subjects=13
-45.73	-19.25	51.89
-15.49	-1.71	54.12
-8.95	-1.27	58.44
7.6	-63.58	-11.87
-26.18	-62.14	51.31
29.95	-62.36	45.9
25.62	-1.15	57.84
27.71	-12.61	49.98
6.09	4.75	53.11
-45.69	-16.71	56.12
-26.17	-64.27	51.52
32.17	-64.06	50.51
-32.73	0.77	58.65
32.1	-1.13	57.73
-17.49	-74.87	52.43
17	-66.66	46.54
3.22	-64.01	-16.24

// Subjects=0

// Honey G D, 2003: Normals
// Subjects=27
19.35	-55.88	-14.1
-39.02	-24.57	51.97
47.57	-32.51	51.64
4.71	-3.16	49.67

// Hopfinger J B, 2000: Leftward-Directing Cue
// Subjects=6
-16	48	36
-44	36	16
-20	-4	52
24	0	56
-16	-52	56
24	-40	56
-44	-64	32
-44	-48	36
40	-68	28
36	-48	36
-12	-44	28
8	-36	28
-60	-24	8
48	-12	8
-36	-76	8
32	-80	8
-28	-4	12
28	-8	16

// Joliot M, 1998: Finger Tapping - Rest
// Subjects=5
-39.06	-15.65	67.1
-4.65	-12.31	54.98
-52.2	-23.53	52.42
-59.04	-13.07	26.85
7.57	-55.07	-12.71
70.67	-27.51	26.07
-54.58	-40.5	31.73
-31.35	3.68	-2.17
-37.93	-1.43	-10.52
70.83	-17.54	40.77
33.53	-56.9	-10.73
-18.27	-12.88	3.72
-27.17	-19.24	-17.91

// Subjects=0

// Lerner A, 2004: Normals
// Subjects=10
15	-52	-35
6	1	44
-3	-15	55
-36	1	-6
-45	-11	36
-47	-1	30
36	-1	-2
52	8	-7
-29	-29	16
-36	2	-7
-20	-21	6
-41	-25	39
25	-60	-19

// Ramsey N F, 1996: Subject 1
// Subjects=1
-34.54	-13.86	55.26
-30.42	-16.26	62.33
-36.15	-15.49	53.52
-33.62	-20.68	60.5

// Ramsey N F, 1996: Subject 2
// Subjects=1
-34.54	-13.86	55.26
-40.13	-15.06	51.19
-36.15	-15.49	53.52
-43.34	-18.51	48.17

// Ramsey N F, 1996: Subject 3
// Subjects=1
-34.54	-13.86	55.26
-36.91	-5.1	55.89
-36.15	-15.49	53.52
-35.81	-14.61	56.67

// Ramsey N F, 1996: Subject 4
// Subjects=1
-34.54	-13.86	55.26
-30.55	-14.37	45.44
-36.15	-15.49	53.52
-34.81	-7.63	50.5

// Ramsey N F, 1996: Subject 5
// Subjects=1
-34.54	-13.86	55.26
-31.54	-11.32	57.46
-36.15	-15.49	53.52
-41.21	-10.84	50.84

// Ramsey N F, 1996: Subject 6
// Subjects=1
-34.54	-13.86	55.26
-38.98	-14.28	61.14
-36.15	-15.49	53.52
-41.21	-10.84	50.84

// Ramsey N F, 1996: Subject 7
// Subjects=1
-34.54	-13.86	55.26
-35.86	-21.72	47.23
-36.15	-15.49	53.52
-34.79	-26.12	45.36

// Ramsey N F, 1996: Subject 8
// Subjects=1
-34.54	-13.86	55.26
-33.68	-17.94	54.7
-36.15	-15.49	53.52
-30.46	-18.89	55.86

// Ramsey N F, 1996: Subject 9
// Subjects=1
-34.54	-13.86	55.26
-33.67	-9.05	59.53
-36.15	-15.49	53.52
-30.43	-12.03	61.97

// Subjects=0

// Subjects=0

// Anderson T J, 1994: Reflexive Saccades vs. Fixation, Increases
// Anderson T J, 1994: Remembered Saccades vs. Fixation, Increases
// Subjects=8
-13.35	-76.89	33.76
16.14	-81.16	-24.21
-17.59	-67.77	41.96
-.47	-74.01	42.29
-24.11	-.88	54.27
22.89	3.64	53.35
-26.58	-68.04	-15.9
22.56	-63.52	-16.84
-9.41	-69.37	-7.06
-11.68	-81.67	-28.31
-11.25	-75.1	29.12
59.04	-39.75	11.97
-13.28	-40.99	57.51
-17.54	-54.05	54.2
-30.51	-31.55	43.54
-11.4	9.09	44.37
-17.72	3.39	53.84
24.98	7.54	48.54
-9.1	4.13	62.6

// Asahi S, 2004: Response Inhibition
// Subjects=17
58	-42	18
60	-52	8
52	-60	10
26	4	50
44	12	38
40	34	30
48	30	18
52	26	26
24	-76	40
34	-74	34
10	-66	52

// Astafiev S V, 2003: Saccade vs. Fixation
// Astafiev S V, 2003: Pointing vs. Fixation
// Subjects=15
-33.49	-61.03	61.66
24.15	-61.37	52.1
-31.45	-48.85	53.92
-42.17	-40.45	53.34
34.8	-46.33	52.95
-25.08	-75.56	38.24
30.38	-74.14	24.1
9	-65.63	25.87
-33.71	-6.22	54.83
10.98	22.8	40.73
-25.01	-61.67	52.69
32.68	-57.09	51.64
-35.75	-46.93	51.58
39.09	-48.25	55.29
-37.97	-32.48	45.93
-9.99	-71.98	55.61
17.77	-65.47	54.75
0.61	-53.06	51.67
-27.24	-73.63	35.88
36.85	-75.7	30.85
2.63	-71.85	28.69
-23.05	-4.21	52.31
28.31	-12.02	56.84
-38.02	-6.59	50.45
38.92	-1.73	51.39
-38.21	2.44	29.62
-57.41	-1.73	32.42
36.67	1.46	37.77
53.72	5.45	32.77
-44.39	-17.2	51.41
-3.88	4.02	46.94
2.45	20.8	43.23
-31.91	36.49	28.93
25.76	27.69	20.08
40.8	17.55	25.22

// Bellgrove M A, 2004: Response Inhibition
// Subjects=42
40.68	38.36	19.01
27.16	-1.88	50.42
-46.93	33.6	20.42
-34.04	28.82	26.25
50.35	19.12	17.17
-26.24	-5.2	53.55
-46.7	-.27	36.64
-53.32	4.07	10.7
0.48	4.9	57.97
-9.44	21.48	25.47
52.81	-41.17	35.58
-45.44	-41.16	44.51
-18.59	-61.54	53.72
20.9	-62.96	45.58
7.59	-13.17	2.53
21.43	-7	-1.5
39.64	7.89	10.43
-32.04	9.86	1.05
-55.23	-43.01	21.36

// Berman R A, 1999: Visual Pursuit Tracking and Visually Guided Saccades
// Subjects=11
-36.26	-4.59	58.29
-32.21	-4.72	56.25
-50.51	2.9	42.1
-51.78	1.01	42.61
-3.41	-4.75	62.84
-3.92	-5.28	65.67
-4.66	-61.12	57.99
-5.48	-64.57	61.63
-30.32	-54.82	59.09
-31.12	-50.11	54.02
-2.46	10.47	39.36
-3.94	13.39	42.92
-10.47	-17.75	42.71
-11.32	-21.73	42.16
42.03	-1.87	53.37
39.36	-.56	54.07
55.13	4.41	35.75
54.92	3.47	35.94
6.64	-2.81	63.67
6.06	-1	59.62
12.75	-65.11	55.67
10.64	-65.95	58.77
30.8	-53.33	59.16
25.78	-56.92	57.28
8.1	11.54	37.14
8.81	19.43	35.24
12.62	-18.8	43.53
12.33	-23	45.67

// Connolly J D, 2000: Pro-Saccade vs. Fixation
// Connolly J D, 2000: Anti-Saccade vs. Fixation
// Connolly J D, 2000: Pro-Pointing vs. Fixation
// Connolly J D, 2000: Anti-Pointing vs. Fixation
// Subjects=7
-10.07	-72.75	45.64
14.51	-72.6	45.35
-42.23	-41.05	45.58
43.29	-44.68	46.02
2.57	1.14	50.45
-30.53	-2.06	53.33
31.43	0.34	51.3
-11.18	-77.59	38.25
16.6	-69.76	40.62
-33.66	-61.69	39.41
36.86	-61.35	37.46
-42.28	-41.56	38.94
44.31	-46.25	39.45
3.55	3.55	40.2
-30.59	2.8	47.35
30.32	3.17	46.62
-27.41	8.11	46.87
27.08	8.35	45.11
-38.13	1.01	38.66
55.88	11.27	38.95
-11.16	-67.56	44.1
19.84	-62.88	46.7
-45.54	-30.12	35.78
42.22	-47.95	45.19
2.7	-44.75	48.72
-35.86	-48.04	37.17
2.6	-4.06	52
-40.18	-19.98	42.68
-26.27	-4.32	51.24
34.65	-5.01	50.6
0.24	16.76	32.44
2.4	37.81	42.92
50.39	16.29	21.87
48.26	14.08	20.96
-10.13	-73.44	36.78
16.61	-71.88	40.8
-29.42	-59.81	35.86
32.55	-65.06	31.13
-36.88	-47.53	43.84
43.29	-47.94	45.18
2.67	-57.16	39.73
3.74	-48.26	44.54
-45.55	-35.67	32.9
2.6	-4.06	52
2.54	8.54	49.83
-43.4	-21.31	39.48
-28.43	-6.79	47.01
37.86	-7.11	50.74
-28.47	5.9	45.95
30.33	3.25	47.73
3.43	15.47	29.17
-48.96	7.15	22.66
49.35	9.94	22.41
-43.44	-1.93	42.32

// Subjects=0

// Fassbender C, 2004: Tonic Activations for Fixed and Random SART
// Fassbender C, 2004: Activations For Correct Inhibitions
// Fassbender C, 2004: Activations For Commission Errors
// Subjects=21
-44.61	3.63	31.83
-41.19	-13.92	52.22
50.47	3.86	26.25
-.65	4.3	50.22
-44.9	9.44	-3.23
-1.81	-69.18	8.45
34.48	-83.65	-3.02
-30.67	-93.56	-1.45
-43.62	-67.46	-6.83
31.56	-51.1	46.69
-30.47	-44.24	44.6
21.03	-49.45	68.98
-33.55	-59.43	54.83
6.88	-23.67	45.79
-43.4	-37.77	33.05
-24.51	-40.11	-12.69
-11.17	-43.52	52.13
42.92	-19.93	8.26
24.65	1.91	3.3
-21.27	-6.83	4.56
7.54	-58.66	-21.54
-54.53	18.01	-1.61
38.3	53.38	-6.75
-43.61	29.28	33.01
-40.28	12.98	42.15
40.1	-45.59	48.36
48.59	-60.4	35.01
-48.91	-21.91	18.41
-22.41	13.34	3.99
2.28	30.01	24.62
10.66	39.26	5.9
-47.08	21.06	-4.18
36.2	17.53	-15.99
50.16	18.3	-7.29
-31.85	25.03	32.12
-64.94	-40.75	10.13
51.75	-41.09	36.7
-55.17	-43.47	29.21
-66.94	-37.11	29.92
-1.81	-20.77	28.92
33.39	-39.91	12.28

// Garavan H, 1999: Response Inhibition
// Subjects=14
45.79	43.65	-9.37
39.73	28.55	29.88
37.67	10.64	32.52
44.93	41.38	16.48
36.29	19.53	-3.89
39.49	9.6	-8.67
2.43	21.69	40.92
44.13	-82.11	2.31
35.81	-74.39	34.1
36.88	-58.98	40.6
-45.46	-36.93	44.16
52.87	-43.91	41.39
45.48	-51.81	49.94
-44.73	-66.84	-12.45

// Hester R L, 2004: Cued and Uncued Successful Response Inhibition
// Subjects=15
42	-29.4	23.56
-41.37	-37.73	19.65
-50.95	-1.18	38.99
-30.57	9.57	52.36
-50.11	-42.03	-7.77
1.57	6.31	62.3
-38.06	-4.82	45.84
38.6	59.8	35.08
-40.46	58.36	37.23
-8.46	82.16	39.32
60.81	36.68	-4.5
-57.97	57.23	-17.12
18.94	21.17	-36.17
-55.57	50.13	14.67
16.11	6.34	6.37
19.33	17.54	13.2
59.9	36.1	15.64
48.12	40.17	14.31
-14.89	5.02	5.72
15.11	-8.29	9.84
38.43	82.12	20.94

// Horn N R, 2003: Go/No-Go > Go
// Subjects=21
42	48	-6
-42	54	-12
3	60	27
-3	39	45
21	51	30
-24	39	39
57	21	12
42	24	-24
-45	27	-21
-6	-42	45
0	-93	21
42	18	-24
-36	9	-18
42	-60	45

// Subjects=0

// Kelly A M, 2004: Fast and Slow Successful Response Inhibitions
// Subjects=15
56.74	24.45	16.65
42.82	38.37	18.99
34.01	59.78	-6.13
43.67	52.61	-3.41
38.66	31.8	30.74
50.42	23.15	27.98
-43.75	44.28	20.6
-35.35	52.73	5.3
20.33	58.58	20.9
56.66	12.59	0.92
1.3	27.69	35.97
-58.92	36.5	-9.8
-42.61	-62.59	-12.83
28.42	-64.69	50.1
51.77	-38.72	39.85
-51.86	-35.82	45.26
-46.43	-40.39	54.5
-60.52	-34.79	31.89
-20.72	-54.87	57.65
36.27	25.87	-4.42
-32.11	16.83	-5.11
-17.1	5.37	-3.21
23.45	13.73	-8.83

// Kimmig H, 2001: Saccade vs. Fixation
// Kimmig H, 2001: Pro-Saccade and Anti-Saccade
// Subjects=15
40	-6.04	50.62
3.67	-1.77	54.03
29.58	-70.34	59.48
17.84	-82.3	57.27
7.84	-89.64	4.48
48.37	-73.71	0.44
30.5	-97.14	29.38
-42.31	-10.04	47.44
-5.95	-2.97	53.12
-31.33	-69.57	61.23
-17.43	-78.2	58.45
-10.34	-87.64	4.52
-48.86	-81.87	0.01
-16.49	-96.02	34.29
45.31	1.4	49.94
3.69	5.01	59.04
31.66	-62.13	55.42
11.39	-77.23	54.69
12.11	-96.22	1.63
48.39	-74.6	2.75
-46.61	-2.67	46.88
-2.75	4.63	54.68
-29.24	-66.72	56.51
-14.26	-77.47	53.89
-12.49	-96.62	-1.4
-50.99	-77.39	3.01

// Konen C S, 2004: Predictable and Unpredictable Saccades vs. Fixation
// Konen C S, 2004: Oscillatory Saccades vs. Fixation
// Subjects=11
30.5	-53.13	47.99
-31.44	-55.36	52.24
53.9	-39.85	38.8
-48.6	-42.95	49.16
49.65	-37.41	43.11
2.54	7.4	48.81
0.45	1.3	52.69
45.26	0.88	43.29
-42.31	-5.73	48.2
51.51	9.07	24.69
-48.95	2.92	23.01
45.87	47.76	2.55
15.53	1.62	69.22
56.94	-41.62	15.5
-45.65	-48.84	13.94
49.2	15	5.26
-34.15	15.56	6.17
19.33	0.02	6.86
-22.32	-1.12	9.66
36.35	-53.46	-25.65
-35.25	-56.09	-25.72
-33.56	-55.12	55.58
0.46	2.53	54.82
45.34	-4.86	51.58
-47.65	-6.73	49.46
49.46	-1	32.25
37.29	48.43	-1.87
55.86	-38.46	15.24
21.44	1.89	3.33
-22.4	0.23	-.48
31.01	-58.95	-27.36
-35.24	-59.35	-26.57

// Subjects=0

// Luna B, 1998: Saccades vs. Fixation, Average Individual Subject Data
// Luna B, 1998: Saccades vs. Fixation, Group Average Data
// Subjects=10
-30.77	0.85	50.97
-44.14	12.09	40.7
-.91	4.81	58.32
-18.85	-57.27	63.63
-3.31	-59.27	54.25
-40.91	-43.49	48.34
38.03	1.81	47.65
6.39	12.41	37.53
6.45	6.58	57.09
24.21	-58.57	60.79
7.51	-56.38	59.01
46.93	-41.89	48.76
-25.15	-7.14	55.93
-54.18	4	37.48
1.52	5.79	55.65
-24.98	-54.81	58.81
-6.83	-83.39	45.38
-31.56	-38.96	44.17
42.17	-3.39	57.07
52.71	10.53	43.51
1.47	5.28	49
27.41	-65.16	57.96
13.55	-52.84	67.12
55.05	-38.98	49.87

// Maguire R P, 2003: Go vs. Fixation
// Maguire R P, 2003: Go/No-Go vs. Fixation
// Maguire R P, 2003: Go/No-Go vs. Go
// Subjects=6
0	-4	60
-10	-76	-24
50	-66	-6
-48	4	0
-16	-70	54
62	-22	18
0	-4	60
-14	-82	-24
66	-42	6
-48	8	-6
-34	-52	54
26	-80	18
-26	-80	18
38	42	30
-48	-70	0
26	-64	42
62	-34	-6
48	26	18
50	12	48
-48	30	24
30	-68	48
-16	-74	42

// Matsuda T, 2004: Saccades vs. Rest
// Matsuda T, 2004: Anti-Saccades vs. Rest
// Matsuda T, 2004: Anti-Saccades > Saccades
// Subjects=21
46	6	50
-42	-4	58
6	4	62
-4	4	60
22	-68	60
-30	-56	56
-20	8	2
38	-90	-8
-22	-102	-8
-44	50	4
40	-2	50
-22	-2	68
8	8	52
-2	10	46
12	-64	64
-10	-72	56
22	8	-2
-20	6	0
26	-102	-6
-22	-102	-12
64	-36	28
-64	-40	34
8	8	52
-2	10	46
10	-14	8
-12	-16	2
42	46	18
-38	52	12
28	4	54
-28	4	48
16	-66	52
-26	-50	56
64	-20	24
-66	-36	28
10	18	36
-12	12	38
12	-14	-4
-12	-18	-2

// Merriam E P, 2001: Mixed Task vs. Fixation
// Subjects=11
-31.52	3.19	66.28
-37.35	58.49	24.91
-26	-74.11	57.09
-39.96	-55.07	56.77
36.85	8.81	63.91
36.4	55.85	25.4
22.09	-80.33	54.83
44.48	-48.85	60.85
1.49	12.05	54.01

// Mostofsky S H, 2003: All Normal Subjects
// Subjects=48
26.87	-51.68	-23.46
-50.03	-13.64	54.76
-6.92	12.04	51.49
-33.6	-59.34	-21.67
-37.85	-58.84	-16.05
-2.55	14.6	55.64
35.52	-53.78	-23.4

// Paus T, 1995: Positive Covariations
// Subjects=9
20	-18	12
55	-2	42
-8	-9	14
-3	-28	-3
-39	1	2
0	-61	-8
4	-19	2
43	12	8
-59	-18	27

// Petit L, 1999: Normal Subject 1
// Subjects=1
-34	-17	47
36	-15	47
-30	-58	40
35	-56	39
0	-13	53
2	-70	45
-41	-69	8
41	-72	2
-35	-18	46
36	-10	47
-30	-58	45
37	-55	41
1	-8	55
0	-70	46
-43	-67	5
45	-63	2

// Petit L, 1999: Normal Subject 2
// Subjects=1
-29	-21	45
35	-15	45
-26	-58	42
35	-57	37
2	-5	52
1	-66	40
-41	-63	4
47	-63	2
-35	-18	46
36	-10	47
-30	-58	45
37	-55	41
1	-8	55
0	-70	46
-43	-67	5
45	-63	2

// Petit L, 1999: Normal Subject 3
// Subjects=1
-37	-11	46
40	-6	48
-34	-57	47
47	-42	46
-1	-4	54
-2	-65	54
-45	-69	3
42	-57	3
-35	-18	46
36	-10	47
-30	-58	45
37	-55	41
1	-8	55
0	-70	46
-43	-67	5
45	-63	2

// Petit L, 1999: Normal Subject 4
// Subjects=1
-38	-24	47
43	-11	43
-24	-68	49
39	-58	41
3	-8	56
-2	-74	44
-43	-67	3
51	-65	2
-35	-18	46
36	-10	47
-30	-58	45
37	-55	41
1	-8	55
0	-70	46
-43	-67	5
45	-63	2

// Petit L, 1999: Normal Subject 5
// Subjects=1
-36	-17	48
28	-6	52
-34	-48	49
28	-62	44
1	-10	59
2	-75	45
-47	-65	6
46	-61	2
-35	-18	46
36	-10	47
-30	-58	45
37	-55	41
1	-8	55
0	-70	46
-43	-67	5
45	-63	2

// De Zubicaray G I, 2000: Increases
// De Zubicaray G I, 2000: Linear Increases With Number of Trials Equated Per 
// Block
// Subjects=8
40	34	36
34	44	20
-10	62	0
-30	56	0
-16	-10	65
-52	-76	12
-60	-46	-14
20	-68	56
14	-72	28
-24	-76	-14
44	-74	-14
-24	-98	-6
-4	-86	-12
-36	-78	32
-24	-82	14
40	50	28
34	40	36
-10	62	0
38	60	16
-52	-74	10
32	-58	56
-44	-66	46
-56	-46	44
-20	-78	-16
40	-76	-18
-28	-84	32

// Jordan K, 2001: Control1 > Rest
// Subjects=9
32	-64	48
-48	-32	48
-40	-12	56
36	-60	-32

// Gagnon D, 2002: CPT > Fixation
// Gagnon D, 2002: DPT > Fixation
// Gagnon D, 2002: TPT > Fixation
// Gagnon D, 2002: SCT > Fixation
// Subjects=7
-30	-8	52
-53	-10	55
46	-4	53
42	-3	58
2	-2	60
-30	-2	65
52	-2	43
-40	-44	58
36	-41	63
-24	-67	58
16	-64	59
-28	-2	1
24	0	9
-6	-76	-18
7	-70	-10
-30	-8	50
-54	-10	53
46	-6	54
34	-6	60
0	8	52
-30	-2	65
48	-2	42
-38	-46	58
36	-44	58
-23	-64	58
22	-64	57
-24	-4	2
24	-6	2
-6	-77	-19
-30	-10	48
-54	-10	54
46	-6	52
34	-5	60
-4	-6	67
-30	-2	65
52	-2	42
-36	-50	64
-24	-71	54
-22	-4	1
24	-6	4
-8	-78	-17
-30	-8	48
-54	-10	53
41	-2	52
3	-2	65
-30	-2	65
-46	-10	39
50	-4	36
-40	-44	58
16	-68	57
-24	-66	56

// Koyama M, 2004: Serial Saccades > Fixation
// Subjects=20
-26	-12	54
18	-6	56
-14	-6	62
12	-2	62
-24	-8	64
20	-4	66
-40	-8	52
40	-4	50
36	-6	62
28	0	56
-18	-14	62
-6	-4	66
-22	-62	60
22	-62	60
-28	-58	54
34	-50	56
-22	-84	26
22	-78	28
44	-62	8
-52	-70	2
-28	-78	-10
28	-74	-8
-16	-76	-8
12	-74	-12
-12	-82	2
8	-84	2
-8	-72	0
16	-76	0
-12	-90	-2
-2	-84	6
-14	-24	12
-8	-76	-18
10	-72	-20
24	-74	-18
34	-64	-24

// Law I, 1997: Saccadic Suppression - Fixation
// Law I, 1997: Reflexive Saccades - Fixation
// Subjects=9
7.6	-63.58	-11.87
22.77	-60.98	-7.9
-5.27	-87.02	-9.33
38.07	-90.29	-.78
-29.46	51.99	-13.71
-41.87	-62.09	6.75
44.29	6.28	-1.48
42.43	4.1	21.18
-30.75	-55.31	32.79
-22.17	5.53	40.07
49.15	-.6	39.46
-21.86	-62.12	51.24
23.52	-46.66	53.42
1.74	-2.07	49.38
11.97	-76.33	-10.68
5.7	-85.74	3.8
-7.17	-80.7	12.49
-4.71	-85	35.28
19.04	-80.66	34.45
-9.64	-17.31	1.77
-22.66	12.84	3.49
20.73	-3.19	13.31
-48.5	4.66	9.23
53.31	-30.32	19.92
-32.82	-6.44	50.4
29.84	-4.09	49.1
-41.35	-36.25	53.49
23.51	-44.53	53.21
-11.05	-62.09	51.05
21.42	-63.68	55.14
-2.53	-1.67	53.89

// Subjects=0

// Perry R J, 2000: Target vs. Null
// Perry R J, 2000: Non-Target vs. Null
// Subjects=7
-16	-100	-8
18	-96	2
-30	-76	24
38	-74	22
-36	-48	56
-22	-62	46
30	-52	54
-38	-48	56
40	-44	48
60	-36	36
-22	6	50
28	8	48
50	8	32
8	18	50
-40	40	26
-40	32	6
36	26	-12
-16	-100	-6
16	-96	0
-30	-78	24
40	-76	18
-36	-48	56
-20	-64	50
24	-58	62
-36	-48	56
36	-40	42
66	-34	32
-22	14	60
26	8	50
-34	4	46
38	2	42
6	16	50
-38	38	24
-38	20	-2
22	22	-6
-18	4	14
12	2	8

// Sweeney J A, 1996: Antisaccades - Visually Guided Saccades, Increases
// Sweeney J A, 1996: Memory Guided Saccades - Visually Guided Saccades, 
// Increases
// Subjects=11
40.54	-9.14	40.45
10.66	-15.26	68.46
-41.84	32.28	28.79
29.37	42.75	22.06
-13.36	-67.59	38.19
23.4	-75.97	38.39
22.72	10.87	2.92
-32.86	-8.98	46.17
40.62	-12.98	45.31
-.27	-11.88	59.35
4.07	-2.94	62.87
-44.07	36.11	23.97
35.88	34.27	22.79
-17.7	-63.36	37.84
25.53	-67.46	37.51

// Sylvester C C, 2003: Normals, Group 2
// Subjects=14
-34	5	37
32	-41	47
-36	-41	47
0	10	49
19	-8	60
15	-56	60
22	52	10
8	11	10
-15	4	10

// Subjects=0

// Garavan H, 2003: Event-Related STOPS
// Subjects=16
43.92	33.17	20.53
27.88	50.6	27.06
42.22	-43.55	47.05
-43.32	-41.31	42.27
34.9	-65.03	58.98
53.59	-37.56	-.42
6.55	-66.7	-15.28

// Subjects=0

// Subjects=0

// De Souza J F, 2003: Selectively Activated for Saccades (Both Pro and Anti)
// Subjects=10
37.54	48.88	31.55
38.94	-2.61	53.69
9.02	3.81	56.85
26.3	-60.13	54.2
11.09	-78.19	14.63
-32.64	-6.13	55.93
-1.67	2.6	55.95
-21.78	-58.13	56.82
-3.86	-79.26	16.01

// Doricchi F, 1997: Antisaccades vs. Fixation
// Doricchi F, 1997: Antisaccades vs. Fast-Regular
// Subjects=10
5.51	37.58	14.01
-1.01	30.76	10.32
-30.68	-0.05	49.73
-41.6	1.21	40.83
21.06	1.43	39.74
-24.06	-51.5	50.22
19.25	-74.74	51.79
6.3	-63.74	55.4
-37.16	-61.3	37.97
55.71	-48.21	35.09
1.78	-43.31	44.49
14.68	4.36	48.52
-5.38	30.33	5.95
3.31	30.78	10.24
-32.87	6.32	49.14
25.47	6.53	48.12
-39.39	1.63	45.23
-33.01	14	39.41
34	7.85	38.88
-39.69	34.42	28.54
40.39	15.97	33.49
-3	62.61	29.61
7.99	42.21	40.41
-11.11	-31.89	52.55
32.1	-31.74	51.8
-37.19	-52.79	37.13
34.04	-46.57	30.82
21.14	8.64	47.99

// MacDonald III A W, 2003: Normal Subjects
// Subjects=17
-42.31	-17.79	43.63
58.08	-18.84	34.76
43.01	13.93	33.3
38.44	25.17	0.07
-29.96	16.93	-4.03
17.18	-12.31	-1
5.74	-50.76	25.77

// Christoff K, 2004: Arrows vs. Rest
// Subjects=12
-44	-18	48

// Denslow S, 2005: Volitional Movement
// Subjects=11
-40	-12	62
-40	-34	62
-26	-12	70
-4	2	54
-30	-40	68
-50	-44	52
-40	36	28
-30	52	-10
32	52	-6
-46	48	2
50	46	4
-22	-8	-6
-6	-16	4
26	2	-20
8	-68	-14
-64	-30	6
64	-38	6
58	8	2

// Subjects=0

// Rounis E, 2005: Main Effects of Movement
// Subjects=8
-42	-28	56
-34	-16	64
34	4	54
-58	0	32
-8	-8	56
-4	6	46
-24	-60	-26
58	-24	44
58	-28	44
66	-20	18
-30	38	26
16	2	58
22	-52	-24
38	42	26
64	8	20
-40	-32	12
-44	-4	4

// De Luca M, 2005: Control Subjects
// Subjects=7
-2	-7	52
-41	-18	56
-39	-24	54
-43	-9	48

// McDowell J E, 2002: Normals
// Subjects=14
45.29	3.34	47.55
-42.34	2.82	48.6
-1.63	5.23	62.42
19.97	-64.77	63.59
-16.36	-64.99	64.02

// Wilson S M, 2004: Producing Speech
// Subjects=10
-51	-11	46
-45	-13	34
-56	-4	22
56	-8	44
48	-10	35
60	0	20

// Chikazoe J, 2007: Antisaccade - Control Saccade
// Subjects=24
24	-6	54
36	18	-4
-34	18	-4
36	-2	50
52	16	20
-34	-6	50
-26	-6	60
38	36	26
-22	-2	46
-46	6	40
42	56	10
32	22	36
-4	36	28
-4	24	36
10	32	28
12	18	36
2	-10	40
0	2	56
14	36	4
8	20	60
8	-68	56
-28	-58	54
46	-46	46
-6	-56	50
-16	-46	50
-18	-68	52
54	-42	34
-54	-46	44
-62	-36	38
-4	-62	62
58	-30	52
20	-70	40
20	-52	50
-62	-24	36
-10	-78	40
44	-32	40
64	-22	32
-10	-34	0
58	-44	20
46	-54	16
56	-54	4
-40	-80	8
36	-76	26
-30	-76	24
-2	-20	10
26	-36	-42
-6	-2	0
4	-34	2
28	-60	-24
-6	-22	-18
10	0	-2
32	-50	-46
14	-26	-10
-36	-66	-20

// Subjects=0

// Subjects=0

// Bohland J W, 2006: Simple Syllable, Go vs. Fixation
// Bohland J W, 2006: Simple Sequence, Go vs. Fixation
// Bohland J W, 2006: Complex Syllable, Go vs. Fixation
// Bohland J W, 2006: Complex Sequence, Go vs. Fixation
// Subjects=13
-46	-10	60
56	6	40
-54	-12	40
-62	-4	24
60	-4	30
-42	-24	12
66	-10	12
-32	20	0
40	10	6
38	24	2
38	-22	8
-62	-8	6
-54	-4	4
56	-26	8
-56	8	-6
64	6	2
50	4	-8
48	14	18
-34	36	12
-32	46	12
-2	-2	68
-2	6	50
4	4	70
-4	14	40
-12	2	10
-24	2	-10
-20	12	4
18	10	6
32	-6	-2
24	4	-4
-8	-20	-2
12	-22	0
14	-12	6
20	-16	10
8	-6	4
-26	-60	-22
40	-56	-26
34	-62	-24
24	-56	-20
36	-54	-54
-44	-60	-20
-44	-18	64
-34	-6	54
48	6	32
56	8	32
-54	-10	40
-62	-4	22
64	-10	14
66	-4	24
56	-6	34
-48	-26	14
-64	-12	12
-50	2	6
54	-14	12
38	-6	14
-34	8	8
-34	-4	8
42	8	-14
-66	-24	8
-40	-2	-14
70	-26	8
-54	10	-6
64	6	2
-46	6	28
-54	14	32
-38	24	2
40	26	4
50	20	0
-36	40	32
-26	46	20
56	-8	54
0	0	66
-6	10	52
-6	14	42
-8	-12	42
8	-12	40
-28	-52	52
-52	-36	50
40	-48	48
42	-44	46
-60	-40	30
-46	-30	32
-22	2	6
-30	-8	-4
-28	-16	10
32	-6	-2
24	4	6
-10	-16	0
14	-16	4
-20	-60	-22
20	-60	-20
40	-68	-22
44	-54	-28
36	-54	-54
16	-62	-44
38	-40	-50
56	6	40
50	-14	60
-52	-12	40
-62	-4	24
68	-6	26
56	-8	38
-42	-24	12
-52	0	4
68	-8	12
-44	4	0
36	-22	6
-64	-10	6
-66	-22	8
-64	-30	12
58	-12	6
66	-22	8
50	-24	12
70	-30	16
-52	8	-4
64	6	2
-36	26	2
-38	32	14
2	0	66
-2	14	42
-58	-38	28
-24	0	-8
-22	4	6
20	8	6
32	-16	-2
32	-4	-4
30	-4	8
24	2	-6
-10	-16	4
14	-16	2
-28	-60	-24
20	-56	-20
46	-56	-28
36	-52	-56
-46	-60	-20
-60	0	30
62	-4	42
56	8	40
-54	-10	44
60	-4	32
68	-4	22
-44	-24	14
-34	24	0
-40	14	4
40	24	0
-62	-12	8
-64	-30	12
52	-24	10
60	-14	8
64	-28	2
64	8	0
-54	12	0
-48	10	28
50	20	-6
-56	16	30
-46	28	24
-30	-6	50
-42	46	20
0	0	70
-2	18	38
-28	-52	50
-52	-38	54
-48	-36	46
34	-56	52
-12	0	10
12	2	8
-22	-2	6
32	-20	0
-10	-14	6
14	-12	6
8	-20	0
22	-22	-2
-28	-62	-28
-14	-62	-18
22	-62	-20
34	-62	-26
8	-68	-20
42	-54	-28
38	-52	-56
36	-40	-52
20	-64	-46
4	-46	-16
4	-56	-24
-46	-60	-20

// Mallol R, 2007: Normals
// Subjects=11
-34.89	-24.43	53.33
-32.69	-31.76	55.14
-34.73	-41.78	62.89
8.19	5.4	48.53
-2.59	-1.02	49.35
-2.66	10.47	45.97
-29.01	-13.56	8.46
60.48	14.95	-1.49
55.19	-2.84	3.72
61.19	-31.2	44.52
53.56	-33.87	39.31
65.28	-20.83	28.86
58.76	5.09	30.89
-53.53	-39.64	29.38
-64.33	-39.68	29.57
32.26	-43.67	61.94
20.7	2.02	11.67

// Subjects=0

// Roth R M, 2007: Normals
// Subjects=14
61	19	27
12	2	40
44	-13	61
63	-33	5
46	6	-29
26	-77	13
50	-55	-7
6	-22	-7
-32	35	30
-30	41	-4
-63	-31	0
-48	-52	1
-46	-7	-27

// Subjects=0

// Simon O, 2004: Manual Tasks Only
// Simon O, 2004: Visuospatial Tasks Only
// Simon O, 2004: Grasping Only
// Simon O, 2004: Saccades + Pointing + Attention
// Subjects=10
-4	6	44
-5	-4	60
-36	-44	56
-40	-26	56
-32	-44	64
8	3	56
36	-44	52
-3	7	52
-25	-4	68
-12	-68	52
28	0	68
7	5	60
16	-70	56
-44	12	12
-38	-14	56
-56	2	8
-6	-7	72
-20	-10	80
-28	-44	68
-46	-40	40
-60	-32	36
-48	-40	60
8	4	44
62	14	36
8	-4	56
14	1	72
34	-48	60
64	-32	24
-20	-82	44
-16	-80	48
32	-72	36
8	-66	60
21	-78	48

// Wild B, 2003: Movement - No Movement
// Subjects=10
63	-6	39
-54	-21	39
69	-9	12
-57	0	6

// Brown M R G, 2006: Prosaccade Response > Fixation
// Brown M R G, 2006: Antisaccade Response > Fixation
// Brown M R G, 2006: Nogo Response > Fixation
// Brown M R G, 2006: Prosaccade Instruction > Fixation
// Brown M R G, 2006: Antisaccade Instruction > Fixation
// Brown M R G, 2006: Antisaccade Instuction > Nogo Instruction
// Subjects=10
39.98	0.39	51.2
-39.12	-1.39	48.91
37.52	48.62	28.23
-36.24	50.13	26.72
53.57	6.11	13.76
-37.3	6.28	10.33
1.56	1.74	58.22
1.36	13.94	37.13
40.12	-43.22	51.51
-36.84	-42.79	50.13
22.01	-64.73	50.18
-20.74	-64.99	50.69
62.47	-36.28	42.87
14.37	-28.99	45.04
3.81	-66.24	46.05
18.71	-83.3	30.58
-17.63	-82.46	30.93
38.91	1.45	51.12
-34.83	-.14	50.99
34.27	53.72	25.6
-35.19	51.02	24.4
56.77	8.24	13.55
-44.78	9.49	11.26
2.62	6.06	58.96
1.32	18	34.55
41.16	-40.21	49.02
-37.92	-41.83	48.94
22.01	-65.79	50.27
-20.72	-64.81	52.91
63.49	-34.59	37.14
-58.5	-18.45	22.69
1.42	-23.84	30.26
1.7	-60.54	51.17
19.78	-83.2	31.68
-15.48	-83.41	32.1
20.45	1.6	13.41
-19.09	-1.9	13.04
36.75	4.52	49.78
-40.21	2.74	47.46
35.33	51.44	23.55
-35.22	49.62	20.06
46.1	3.95	14.03
-51.17	7.51	13.73
4.77	5.1	60.13
2.43	12.89	37.2
42.21	-39.23	47.81
-37.91	-42.8	50.14
24.16	-65.69	51.35
-22.88	-65.08	49.61
61.37	-33.37	39.29
-60.53	-20.61	36.27
5.73	-23.47	34.64
1.69	-58.42	51
28.32	-81.04	31.4
-21.88	-82.22	34.3
-13.7	2.96	20.38
-27.76	39.55	13.01
27.67	68.17	6.63
32.53	-52.12	33.39
-30.55	-52.75	30.82
26.2	-62.22	41
-22.96	-62.6	40.48
29.32	-70.8	26.07
-48.6	-36.35	51.95
4.59	-27.51	23.84
0.64	-68.12	49.59
-27.48	3.99	34.95
-14.95	36.28	10.9
-22.31	23.17	21.01
7.49	33.07	8.69
25.04	-45.65	35.16
-31.54	-50.85	41.82
22.98	-58.01	40.68
-21.87	-59.08	44.63
-29.42	-74.07	30.36
3.52	-23.11	25.71
-3.61	-66.74	53.99
-2.59	-85.91	39.97
28.15	3.95	43.23
-28.5	3.44	41.69
-10.03	-69.07	52.02

// Simmonds D J, 2007: Go Activations
// Simmonds D J, 2007: No-Go Activations
// Simmonds D J, 2007: No-Go Activations Negatively Correlated with 
// Intraindividual Coefficient of Variability
// Subjects=30
-5	-105.78	8.21
-41.35	-15.53	57.04
-6.91	7.68	50.8
13.75	-70.41	-39.31
3.4	-44.06	1.96
-18.03	-97.52	5.37
44.35	-57.82	-9.71
-2.58	15.46	53.32
11.86	-54.2	-15.11
29.07	-25.11	-14.92
62.89	-35.68	7.96
63.34	-50.96	39.72
-31.32	23.65	4.81
35.74	20.05	8.51
-58.13	-42.8	7.36
51.63	-9.15	62.67
-18.44	-44.84	-16.64
-13.2	9.11	66.45
-66.53	-38.83	27.28
53.31	-12.78	23.78

// Coull J T, 2004: Activations Due to Motor Response
// Subjects=12
-51	-21	54
-30	-3	63
-3	3	39
3	-27	24
-15	-21	3
-27	-9	-3
-51	18	-12

// Falconer E, 2008: Trauma-Exposed Patients
// Subjects=17
42	14	36
32	-60	46
10	-72	42
42	-60	54
36	4	-20
-36	4	-24
62	-50	-10

// Falconer E, 2008: Normals
// Subjects=23
30	56	-14
44	16	34
-38	58	2
6	32	26
32	-60	46
-32	0	-24

// Spence S A, 1997: Healthy Controls
// Subjects=6
-37.5	43.35	32.1
-54.77	8.42	26.89
27.63	6.53	48.08
-34.81	-35.81	57.82
-19.63	-63.83	55.85
45	-43.16	43.74
5.45	-65.71	-11.62
-28.33	-33.66	57.5

// Langheim F J, 2002: Bilateral Finger Tapping > Rest
// Subjects=6
-16	-60	-20
20	-52	-24
40	-14	56
50	-22	56
28	-2	0

// Aron A R, 2006: Stop - Go
// Aron A R, 2006: Stop Inhibit - Stop Respond
// Subjects=5
68	-44	8
34	26	0
36	22	0
44	22	-4
44	12	8
52	38	-6
54	14	0
42	20	-10
6	20	50
6	8	70
8	20	34
18	-104	4
-40	16	-6
-56	-28	8
-46	-38	18
22	-30	-6
12	-26	0
16	4	-6
6	-26	-2
6	-20	4
10	-14	-4
18	12	-8
12	-18	2
18	-22	-2
6	-20	-12
-6	-22	4
-8	-16	0
34	40	30
8	-20	30
-26	-98	-10
-20	-26	-10
48	2	50
14	-42	48
36	-48	46
10	-42	52
18	-104	2
-18	-108	0
-26	-10	2
-34	-16	-6
-34	-6	-18
-16	-54	14
-30	22	56
42	-22	52
22	-8	12
20	4	12
24	-2	2
-2	40	-18
-10	-28	70

// Kaladjian A, 2009: Healthy Controls
// Subjects=10
24	56	14
27	37	40
-45	16	30
48	-1	34
56	0	-5
-27	-6	-18
27	-11	10
27	-33	-18
-42	-62	50
15	-42	38
-42	-70	1
24	-65	47
-12	46	39
-45	19	21
54	-4	-12
-54	-20	-1
-27	-6	-12
21	-32	-6
21	-54	28
27	-72	48

// Kaladjian A, 2009: Healthy Controls
// Subjects=20
-40.66	28.65	35.85
30.68	20.4	35.45
-21.77	61.77	-1.36
26.91	56.93	1.65
-44.59	34.4	-17.32
52.59	36.56	-22.55
7.28	44.57	-14.72
-57.17	-42.67	-2.75
54.72	4.58	-31.74
-25.02	-10.52	-16.57
26.87	-9.06	-15.35
-43.58	-60.9	42.52
53.48	-49.8	29.69
4.96	-52.54	37.51
-40.85	-70.16	0.81
18.04	-80.04	41.13

// Chikazoe J, 2009: Disjunction Analysis, Stop vs. Uncertain-Go but not 
// Uncertain-Go vs. Certain-Go
// Subjects=22
46	16	16
28	52	28
-42	12	28
-24	16	2
-34	20	18
-36	16	-10
56	-43	24
-44	-44	52
-54	-36	38
54	-46	56
4	36	26
-2	-24	36
20	4	6
-14	4	6
8	-6	6
-4	0	6

// Chevrier A D, 2007: Cognitive Go-Phase Activities
// Chevrier A D, 2007: Successful Stop-Phase Activities
// Subjects=14
-32.68	-0.04	52.07
0.4	15.05	51.54
36.44	45.19	25.18
24.37	58.41	-9.25
-1.22	65.37	0.5
0.81	48.95	-19.33
-35.76	-49.21	49.54
-2.57	-29.67	65.36
1.57	-44.3	40.89
-46.47	-69.34	37.97
47.09	-10.02	-1.54
31.34	-89.59	3.09
-28.49	-90.92	5
-7.33	-78.76	-18.57
24.46	-61.5	-46.03
49.31	15.06	19.75
6.5	4.17	6.66
-.66	-88.04	12.24

// Mazzola-Pomietto P, 2009: Healthy Controls
// Subjects=16
46.17	31.53	-18.58
-38.13	33.15	-19.54
-21.82	64.65	-5.01
64.86	-16.29	-2.96
53.48	-56.39	28.1
-36.89	-60.39	59.17
-1.46	-38.97	45.24

// Welander-Vatn A S, 2009: Healthy Controls
// Subjects=28
-4	6	50
-48	-68	-8
-26	-64	50
-24	2	-2
12	-98	8
46	4	22
46	-52	50
-50	-2	52
4	-30	-14
44	38	22
-22	-92	18
10	-100	8

// Zheng D, 2008: No-Go - Go (Go/No-Go)
// Zheng D, 2008: Stop - Go (Stop Signal)
// Subjects=18
1.4	51.24	34.02
42.9	21.42	-23.12
64.51	5.13	-26.36
-37.88	59.14	5.9
-8.88	-52.54	-30.61
40.37	35.53	36.03
53.22	24.86	24.54
55.27	-76.62	-4.67
50.01	21.76	26.03
67.93	-46.01	-22.48
58.92	-49.47	32.92
-68.9	-28.39	12.84
55.25	-75.66	-5.89
-24.33	-63.35	26.75
-49.94	-33.74	57.87
68.14	-32.44	-3.66
61.63	25.36	6.42
-8.54	38.6	14.15

// Baglio F, 2009: Healthy Controls
// Subjects=11
-26.25	-21.1	53.98
-50.13	-13.3	46.89
-39.26	-17.1	51.56
18.26	-62.45	-23.37
-41.98	-78.23	-5.1
-46.53	-58.01	-18.22
1.73	0.06	49.17
-.24	2.57	64.64
28.94	-.52	64.45
47.46	-25.56	71.09
31.48	-84.56	-7.96
37.4	82	-17.82
42.14	-54.95	-13.31
-21.78	-59.37	57.69
53.57	-26.11	41.91
10.18	-82.35	16.84
70.59	-30.26	19.62
-11.82	-19.65	-.2
-59.01	9.03	33.63
63.97	12.47	17.74
55.42	-78.77	6.75
-59.6	6.8	-13.21
-48.41	-84.43	-2.13
-44.36	-66.72	-19.64
58.12	-39.74	56.63
-21.9	-58.08	48.6
39	-82.61	-10.52

// Bennett D S, 2009: Non-Exposed Subjects
// Subjects=11
2	8	53
0	20	47
18	11	57
18	-5	61
2	8	38
32	-43	63
50	-40	54
-32	-69	-23

// Elsinger C L, 2003: Healthy Controls
// Subjects=13
-39.01	-21.14	55.03
-51.04	-30.73	14.71
6.93	-54.01	-16.35
-.54	-7.71	60.15
-27.55	-32.96	11.28

// Subjects=0

// Durston S, 2006: Healthy Controls
// Subjects=11
44.06	22.05	-16.48
-38.03	20.8	-13.84
5.42	45.68	8.73
-7.43	46.46	17.84
-37.85	48.4	5.84
49.02	19.19	33.02
-45.81	12.97	52.06
31.17	60.89	-2.18
-63.18	-47.87	33.72
60.82	5.43	22.98
-16.3	-29.63	-14.82
-37.76	-31.86	-3.03
44.06	22.05	-16.48
49.02	19.19	33.02
-45.81	12.97	52.06
-63.18	-47.87	33.72

// Durston S, 2006: Unaffected Siblings
// Subjects=11
44.06	22.05	-16.48
49.02	19.19	33.02
-45.81	12.97	52.06
-63.18	-47.87	33.72

// Durston S, 2002: Go vs. No-Go
// Subjects=10
39.69	28.12	24.34
-30.89	29.38	19.47
8.65	42.82	24.58
10	-37.79	27.98
-10.3	-43.29	27.56
-16.48	-66.27	47.4
11.14	12.45	58.33
-10.45	44.08	42.54
-43.44	4.67	45.11
-43.22	-23.83	61.99

// Li C S, 2009: Increased Reaction Time vs. Decreased Reaction Time, Go-Trial
// Subjects=33
28	-96	-8
-28	-100	-8
-52	16	40
-20	20	48
-4	-44	44
-32	-72	48
-40	-60	40
-60	-48	-12
56	0	-32
56	-8	-16
16	-84	-36
44	-64	-44
48	-72	40
-12	-32	-32
36	36	-16
-56	-24	-28
48	20	48
24	32	48
32	-16	16
0	-8	36

// Subjects=0

// Mulder M J, 2008: Healthy Controls
// Subjects=12
-20.96	-59.56	-47.64
39.82	25.95	-8.95
48.64	-23.04	-5.38
1.44	-88.53	8.63
35.38	31.59	-17.28
5.78	36.37	35.42
10.11	45.2	37.83
40.57	26.04	49.3
-57.79	-47.96	32.52
69.67	-43.25	29.88

// Subjects=0

// Subjects=0

// Kaladjian A, 2007: Healthy Controls
// Subjects=21
-8.38	56.21	30.34
-43.86	26.72	38.34
49.41	31.54	-18.63
0.71	55.93	-19.1
-62.6	-29.71	-1.7
58.24	-8.64	-12.57
-49.9	-53.09	57.55
55.68	-56.07	31.39
1.69	-56.05	34.55
-40.86	-66.97	0.49
30.79	-82.72	23.24

// Passarotti A M, 2010: Healthy Controls
// Subjects=15
12.91	66.88	32.55
-54.49	26.1	6.64
-44.79	46.73	24.87
54.78	-46.21	11.45
-63.76	-46.15	22.84
-31.57	1.54	58.62
29.34	-31.1	43.93
3.46	-40.17	11.53
-12.62	-24.41	10.39
25.92	-43.21	11.53
23.59	2.07	5.52
-22.35	1.88	7.18
32.69	-42.75	58.25

// Pompei F, 2011: Healthy Controls
// Subjects=48
-53.64	18.62	32.58
37.56	27.35	-16.9
-18.26	33.14	13.74
-33.01	3.05	37.14
-17.95	-36.74	24.01
38.63	-53.3	50.46
40.68	-47.53	43.13
-30.6	-65.11	42.72
-.12	17.3	-7.42

// Pompei F, 2011: Healthy Controls, Relatives of Bipolar Disorder Patients
// Subjects=25
-39.34	23.83	53.12
-44.01	24.52	26.23
35.45	25.52	-13.32
-16.42	46.07	-8.86
-43.94	5.37	28.13
-22.18	-37.2	30.85
-36.93	-59.64	55.73
-45.67	-47.21	51.29
-12.01	20.45	-7.53

// Strakowski S M, 2008: Healthy Controls
// Subjects=16
49.42	7.37	30.43
48.4	5.68	36.16
-4.04	29.85	36.97
7.73	23.5	36.25
0.3	-19.96	25.48
8.88	-23.97	27.95
-2.05	-9	2.29
8.88	-23.97	27.95
-2.05	-9	2.29
8.65	-9.9	3.35
-39.55	16.07	-.5
43.84	13.74	3.2
-57.46	-51.63	6.5
59.69	54.82	-3.77
-31.49	-61.33	43.82
30.5	-65.28	42.32

// Townsend J D, 2012: Healthy Controls
// Subjects=30
-36	38	36
-36	48	20
32	58	16
-28	-4	48
-34	20	2
36	20	2
-42	14	2
2	16	38
-58	-46	20
-58	-40	42
-36	-46	44
46	-44	38
-58	-48	28
62	-44	30
-36	-90	-6
30	-60	36
-16	10	8
24	10	14
-22	10	8
20	10	0
-14	-10	8
16	-10	8
-8	-16	-8
10	-14	-10

// Zandbelt B B, 2011: Healthy Controls
// Subjects=22
-56	-44	28
-56	-44	36
-52	-28	40
-56	-32	32
-36	-24	32
-48	-36	32
-44	-60	36
-12	-20	4
-12	0	4
12	0	4
12	-20	8
8	-8	8
16	8	0
-12	-32	4
16	-32	8
20	-12	8
24	-20	8
32	-64	44
60	-36	28
16	-80	44
40	-36	36
-8	-80	40
-16	-84	40
-4	-64	56
-24	-52	60
-20	-76	36
64	-44	12
32	-44	44
52	-32	32
-20	-72	44
12	-88	32
56	-32	-12
48	-32	-8
-24	-64	56
52	-32	44
64	-48	32
52	-44	0
68	-20	-12
60	-24	28
-40	-8	48
-24	-4	52
-24	0	64
-24	-12	64
-20	-4	68
-16	-20	68
52	16	-4
36	24	-4
52	8	12
4	16	44
4	8	52
4	32	40
44	24	36
20	44	32
52	4	44
40	0	48
32	32	36
16	4	64
-8	36	36
52	4	36
52	8	28
16	-20	64
4	16	60
4	0	68
4	-12	64
40	20	48
16	-20	72
36	-4	60
32	48	24
4	16	28
8	-16	68
36	20	4
44	-76	4
36	-80	24
28	-76	16
52	-60	0
52	-56	-16
48	-48	-12
-28	40	36
-32	28	40
-40	40	24
-48	12	-8
12	-44	36
12	-28	36
16	-44	24
-24	-76	16
-36	-52	48

// Chevrier A, 2010: Post-Error Slowing Activations
// Subjects=14
-8.64	31.95	-4.42
21.49	46.33	27.49
32.28	39.76	37.95
20.07	41.58	-20.05
12.41	-12.95	73.82
57.78	2.19	4.01
-59.75	3.86	8.56
-47.52	-53.77	46.71
67.52	-16.27	12.13
58.77	-5.26	-9.88
-58.79	-1.65	-7.72
48.98	1.77	-28.2
-47.21	4.28	-28.42
46.97	-76	-42.84
8.55	-15.33	-11.8
-7.47	-16.49	-11.52

// Shah C, 2011: Creative writing
// Subjects=28
-36	-18	57
63	-12	27
-27	-15	60
27	-3	51
-3	0	66
9	9	54
-9	12	42
51	6	33
-57	3	39
33	45	36
63	12	12
-54	12	3
-36	-24	54
42	-33	45
21	-60	60
-24	-54	57
-57	-42	12
48	-60	-12
-45	-72	-3
33	-87	3
-39	-81	3
27	-90	0
-21	-93	-3
15	-60	-42
18	-51	-18
6	-63	-33
-30	-57	-24
-12	-18	12

// Carrion V G, 2008: Healthy Controls
// Subjects=14
39.87	32.85	-4.03
-31.59	27.1	-15.69
28.84	32.22	-21.71
-27.3	29.04	-18.2
10	40.01	28.26
10.14	52	41.64
33.59	39.81	13.31
10.28	16.9	45.11
48.48	21.73	-8.68
-42.37	22.81	-15.09
13.94	20.75	-5.76
-16.3	16.29	-5.92
-5.48	12.07	-5.69
24.6	14.23	-18.74
-26.99	10.59	2.67
7.66	-24.8	1.1
7.58	-6.82	-1.8
34.16	14.52	52.79
55.21	-54.07	-4.66
50.64	-25.35	-18.63
60.36	-3.42	-14.24
46.53	-64.3	-10.22
-46.37	-75.47	-9.78
-20.44	-46.89	-4.08
-19.61	-70.21	56.48
51.48	-35.48	45.11
10.46	-58.38	43.59
-5.46	-31.51	-12.58
-22.51	-50.64	1.93
48.78	-69.09	-4.18
-44.17	-78.44	-7.28

// Mechelli A, 2009: Go/Nogo > Fixation
// Mechelli A, 2009: Nogo > Go
// Subjects=7
-36	50	28
38	50	32
-46	46	8
38	54	8
50	22	40
50	16	-4
62	-40	-2
4	-26	34
-42	-64	50
36	-60	46
-34	-60	-20
34	-58	-20
-42	-82	-10
38	-84	-12
6	-88	-6
-4	-88	-6
42	22	42
26	-2	48
42	0	38
62	-48	16
48	-30	-8
40	-40	44
28	-64	48
8	-62	50

// Dillo W, 2010: Healthy Controls
// Subjects=15
10.36	10.94	50.18
8.35	7.71	61.74

// Dionne J K, 2010: Motor Response-Related Activity > Rest
// Subjects=10
57	-4.67	39.16
51.25	39.34	3.2
49.49	13.6	42.18
50.41	24.21	27.89
38.55	52.69	25.64
11.2	10.85	65.15
-40.6	56.9	18.39
-8.14	10.77	52
-42.2	-19.93	57.19
-53.1	-18.88	30.47
-57.45	13.25	33.4
-38.42	4.62	2.68

// Misra G, 2015: Force Only > Baseline
// Misra G, 2015: Conjunction Analysis: Force Only and Pain Only
// Subjects=15
5	13	45
0	-3	60
1	6	48
-43	2	6
-27	-4	2
-14	-19	9
-38	-15	56
-28	-92	-3
-42	-72	-1
-30	-51	57
-18	-75	-47
39	11	6
28	3	5
12	-19	7
38	-6	56
30	-96	-3
35	-85	4
45	-39	49
33	-46	52
16	-74	-45
23	-56	-21
58	9	28
47	-62	-1
62	-22	38
63	-32	22
0	9	48
1	0	62
2	7	57
-44	1	8
-24	9	1
-26	-5	5
-44	-71	4
-28	-92	-2
-15	-76	-45
38	18	4
39	2	12
47	-63	5
34	-87	-2
57	7	29
62	-21	37
63	-32	22
43	-41	49

// Hanakawa T, 2002: Complex finger-tapping > Visual fixation
// Hanakawa T, 2002: Complex finger-tapping > Simple finger-tapping
// Subjects=10
-39.2	-10.1	57.59
-56.7	1.36	43.31
-28.53	8.67	51.07
38.56	5.28	56.99
-2.57	8.97	52.84
8.3	13.89	58.89
-.27	3.43	62.31
-41.51	-15.6	44.73
-47.76	-31.4	59.85
20.35	-52.02	-26.68
-27.02	1.57	-2.04
-24.08	7.39	60.09
38.53	5.07	54.77
-26.17	-42.37	56.08
-28.14	-47.52	70.07
-1.21	-49.55	-22.07

// Harrington D L, 2000: Regions activated by transitions
// Harrington D L, 2000: Regions activated by transitions (excluding repeated 
// sequences)
// Subjects=15
-51.2	-60.28	38.11
-54.54	-43.49	34.26
-59.85	-38.42	42.82
47.17	-47.41	44.12
36.36	0.6	53.01
-51.2	-59.12	39.11
-58.79	-39.69	40.68
55.94	-30.07	56.83
-19.57	-62.25	61.3
-25.25	-3.12	51.06
-18.76	26.55	58.1
-44.78	9.37	47.92
-50.49	23.43	26.45
-49.66	36.87	9.42
-37.69	51.78	18.95
-33.16	-6.81	23.55
-49.38	-48.53	14.5
-56.29	12.75	-7.13

// Terry D P, 2012: Control, Athletes
// Subjects=20
-51	-22	45
48	-22	51
42	-3	12
-2	-1	54
62	11	25
51	-21	18

// Kuhtz-Buschbeck J P, 2003: Motor Execution, Simple, Right Hand vs. Baseline
// Kuhtz-Buschbeck J P, 2003: Motor Execution, Complex, Right Hand vs. 
// Baseline
// Kuhtz-Buschbeck J P, 2003: Motor Execution, Simple, Left Hand vs. Baseline
// Kuhtz-Buschbeck J P, 2003: Motor Execution, Complex, Left Hand vs. Baseline
// Subjects=12
-36	-24	52
-52	-20	48
-36	-12	68
12	-56	-24
-12	-4	56
-36	-24	52
-56	-20	44
-40	-16	68
36	-52	64
44	-40	48
16	-56	-24
-36	-56	-32
-8	-4	60
32	-24	56
32	-24	68
64	8	16
44	-24	20
16	-24	8
-56	-40	52
-60	-24	40
-20	-56	-20
-4	4	56
32	-24	64
40	-20	64
40	-40	44
56	8	32
12	-16	12
-52	4	40
-52	8	28
-16	-12	16
-48	-40	52
-20	-56	-24
20	-64	-24

// Lacourse M G, 2005: Novel, Move vs. Rest
// Subjects=54
-26	-4	58
-32	-18	48
40	32	26
34	-18	54
6	2	56
-6	-6	52
-42	-32	44
-24	-56	58
-36	-40	50
48	-34	44
20	-58	58
40	-44	52
-22	-56	-28
20	-56	-28
4	-62	-20
-32	-20	-6
-14	-20	8
10	-16	-8

// Subjects=0

