// Reference=MNI
// Cabeza R, 2002: WM - Fixation
// Subjects=20
-43.99	12.61	25.17
-47.08	5.03	36.06
27.72	-.5	53.26
-51.4	-38.78	27.02
9.41	-63.6	45.25
-44.02	20.06	24.43
-34.71	29.09	-5.75
34.44	29.33	-6.95
2.95	8.76	61.73
2.89	8.34	57.29
-18.61	-67.53	50.6
27.86	-70.56	50.11
-26.23	-67.98	46.29
2.91	-39.7	48.6
-16.25	-90.54	-23.37
23.72	-90.4	-24.06
-27.06	-88.45	-23.39
23.71	-86.14	-24.48
-19.51	-27.2	-11.65
23.71	-27.05	-12.4
-16.19	-33.16	-6.63
20.55	-33.03	-7.27
2.51	25.2	30.98
-8.51	-21.35	4.4
12	-17.03	3.62
-16.22	5.96	-1.54
20.51	6.09	-2.18
-1.83	-87.69	6.36
12.21	-83.28	6.81
-5.06	-90.89	6.73
12.18	-74.77	5.97
-43.65	-5.62	48.26
-29.49	-16.75	54.72

// Dade L A, 2001: Face Working Memory - Baseline
// Dade L A, 2001: Conjunction Analysis
// Subjects=12
-35	51	3
34	56	-2
-28	49	16
-39	5	45
-42	20	36
38	34	41
-46	41	-11
-32	27	5
8	20	50
1	-28	24
11	30	32
16	39	18
-8	6	62
17	12	56
31	3	60
-32	-25	60
-5	-26	59
-62	-33	-8
66	-35	-11
-13	-35	66
-40	-47	44
-5	-64	48
40	-56	50
7	-68	47
-34	51	5
28	56	-2
-42	10	41
-41	20	35
40	36	32
-47	39	-11
-35	-52	48
-44	-54	50
40	-56	50
8	-69	51

// Leveroni C L, 2000: Newly-learned Faces > Famous Faces
// Leveroni C L, 2000: Newly-learned faces > Foils
// Leveroni C L, 2000: Newly-learned Faces > Encoding
// Subjects=11
-37.88	-63.32	46.29
26.17	-65.9	34.61
39.09	-65.86	47.84
-4.88	12.44	59.63
-37.86	-67.55	46.64
-3.7	-49.02	49.15
7.5	50.76	17.24
54.55	7.38	2.49
23.65	47.74	31.8
-24.5	52.23	25.29
29.09	30.05	36.57
48.37	-64.91	4.17
57.1	-41.05	36.64

// Owen A M, 1998: Spatial Working Memory vs. Control
// Owen A M, 1998: Nonspatial Working Memory vs. Control
// Subjects=6
50.73	-32.92	46.06
34.73	-39.36	46.79
24.03	-56.06	38.27
14.53	-61.43	52.22
23.89	1.81	43.46
44.14	14.62	42.15
7.62	36.64	27.34
-37.94	-39.8	47.66
-61.83	-43.88	-3.02
-38.18	10.45	36.76
-17.63	9.79	67.8
1.51	15.48	57.07
33.81	13.8	-50.22
61	-33.88	-8.62
50.54	-38.23	18.63
23.89	1.81	43.46
44.15	18.05	45.21
-32.45	16.58	-49.69
-35.24	-51.6	-22.75
-58.7	-51.23	-15.83
-41.38	10.43	36.8
-4.92	12.01	54.09

// Subjects=0

// Sperling R A, 2001: Novel vs. Fixation
// Sperling R A, 2001: Repeated vs. Fixation
// Sperling R A, 2001: Novel vs. Repeated
// Subjects=8
-8.17	-84.03	9.76
47.12	-70.14	-22.15
-47.98	-67.28	-17.95
47.07	-50.85	-20.42
28.36	-58.69	45.14
-25.04	-52.15	51.89
-14.8	-33.57	2.26
17.28	-29.94	4.94
-8.42	-4.21	9.76
-41.41	10.17	33.47
-48.02	21.19	11.43
-32.1	49.84	8.85
47.09	31.79	16.14
27.61	29.11	-16.86
1.19	55.09	32.56
-34.93	-91.3	0.64
14.21	-87.83	-.21
-38.32	-56.94	-8.89
44.25	-86.37	16.05
40.83	-88.7	-13.83
-25.03	-55.32	52.16
34.7	-66.02	32.3
-44.66	-56.21	1.16
40.77	-59.64	-9.57
-17.99	-36.76	2.57
14.08	-33.14	5.24
23.49	-18.76	-16.15
-65.18	0.77	-3.38
-14.86	5.27	9.04
-20.97	18.26	53.75
-11.52	46.27	43.48
47.24	10.19	25.76
-44.79	21.47	14.72
30.97	24.07	0.25
27.56	28.59	-23.51
-8.76	45.01	-14.43
-5	17.76	45.8

// Stern C E, 2000: Working Memory II vs. Control
// Subjects=5
-35.15	37.19	24.44
-5	17.76	45.8
-38.52	30	0.55
-35.01	13.38	33.13
-7	2.74	58.23
-48.14	-29.48	-24.46
-55.53	-48.3	-19.45
-31.42	-32.04	64.78
-41.22	-33.98	40.52
50.38	32.67	27.19
34.19	25.4	3.45
50.48	13.89	32.1
47.12	12.25	11.09
4.57	17.3	39.04
34.64	12.51	56.94
23.39	-36.25	-35.87
40.54	-48.83	-35.01
31.53	-49.15	44.3

// Pessoa L, 2002: Working Memory vs. Fixation
// Subjects=9
2.52	12.69	48.37
-1.97	29.18	28.08
-25.2	-4.4	50.12
28.22	-1.96	49.3
-45.71	4.34	27.32
48.37	5.33	31.73
-38.32	33.11	27.05
47.12	39.71	22.17
-32.06	22.8	3.31
35.27	23.29	3.61
-21.83	-59.79	49.15
20.95	-65.71	51.39
-39.04	-41.2	43.33
42.13	-34.63	38.5
-44.72	-63.49	-10.5
54.61	-54.52	-13.5
-32.73	-81.8	13.21
32.46	-84.67	11.58
-1.81	-91.1	0.25

// Petit L, 1998: Spatial Working Memory
// Petit L, 1998: Face Working Memory
// Subjects=12
0	-14	50
-1	9	50
0	-2	38
1	5	36
1	-14	50
0	8	50
1	-5	40
-1	16	33

// Pochon J B, 2001: MAT vs. MAT CONT
// Pochon J B, 2001: REP vs. REP CONT
// Subjects=8
27	3	51
30	-51	54
-24	-51	60
-45	-39	45
27	-63	39
42	45	27
27	3	51
30	-51	54
-24	-51	57
27	-63	39

// Subjects=0

// Subjects=0

// Subjects=0

// Subjects=0

// Subjects=0

// Mazard A, 2002: Silent Imagery vs. Silent Baseline
// Mazard A, 2002: Noisy Imagery vs. Noisy Baseline
// Subjects=6
-16	-70	48
-46	-42	48
18	-70	50
28	-68	60
-26	6	58
-54	8	32
32	0	50
-48	28	30
50	30	22
-26	58	12
-24	70	10
60	-50	-14
-48	-66	-6
-52	-50	-12
2	-62	-12
0	-70	-38
4	-46	-20
-28	-68	-36
-32	-54	-30
30	-56	-36
14	-44	-46
8	-10	6
-6	-72	48
-20	-60	48
42	-76	30
-24	6	54
-36	-6	46
-46	4	26
32	2	48
44	-4	52
40	10	54
-42	20	30
48	30	26
8	30	22
8	16	30
4	10	50
-32	22	-2
40	20	-6
74	-46	-6
68	-26	-12
-50	-60	-8
6	-54	-22
4	-66	-32
10	-76	-26
-26	-68	-32
-6	-80	-30
4	-22	-2
-2	-2	0
2	-22	-40

// Rowe J B, 2000: Working Memory Maintenance
// Rowe J B, 2000: Selection from Memory
// Subjects=6
24	4	54
-22	8	60
26	-60	64
44	-34	42
-22	-62	60
42	38	28
30	18	40
40	54	-12
36	22	-16
10	-80	48
-14	-76	54
38	-82	32

// Clark C R, 2000: Variable Target > Fixed Target
// Subjects=10
-38.97	-56.98	45.77
-34.75	-4.83	59.19
-37.16	31.86	38.3
44.42	-58.25	49.38
41.98	24.21	42.49

// Subjects=0

// Braver T S, 2001: Working Memory
// Subjects=28
-44.74	28.58	24.16
40.79	36.21	32.57
40.55	53.45	7.71
28.13	14.7	44.56

// Braver T S, 1997: Brain Areas Showing Monotonic Increases in Activity as a 
// Function of Memory Load
// Subjects=8
15.38	14.34	54.77
-43.57	28.56	37.53
40.74	43.36	28.63
-49.05	8.5	12.51
47.26	10.44	29.08
-33.13	22.8	3.32
-40.35	2.35	28.54
-48.78	2.44	44.24
-30.49	-.49	59.89
-26.1	-58.59	51.33
35.85	-54.16	48.02
20.5	4.31	20.98

// Callicott J H, 1999: Significant Increases in Activation as a Function of 
// Working Memory Load
// Subjects=9
46.02	30.64	15.14
39.56	34.49	10.43
33.01	35.2	-7.4
31.34	20.26	47.4
22.88	14.55	56.9
35.69	10.06	52.67
-52.09	14.51	35.46
-50.14	27.95	16.47
-32.65	5.76	58.28
-6.93	4.48	67.01
-2.6	-1.49	71.92
1.61	6.65	66.73
18.29	-1.93	9.27
3.39	-16.82	10.69
9.69	4.02	4.41
48.47	-25.42	33.19
6.09	-57.11	67.56
-36.73	-55.94	59.04

// Carlson S, 1998: Two-Back vs. Zero-Back
// Carlson S, 1998: One-Back vs. Zero-Back
// Subjects=7
41.85	28.39	27.64
-38.32	37.51	28.91
20.78	9.42	59.58
-23.13	20.19	51.38
3.62	16.38	54.74
-8.12	16.4	55.99
40.8	18.69	26.24
-44.72	21.18	24.78
37.28	58.29	1.77
-26.81	53.76	4
41.04	-.74	50.17
-45.59	0.08	41.06
4.93	-66.78	52.77
-2.57	-62.68	51.4
10.39	-54.54	72.88
-12.09	-60.65	64.72
32.67	-57.18	50.54
-35.72	-56.53	51.27
45.37	-49.67	36.38
-46.46	-52.79	45.5
28.31	-74.61	31.97
-21.95	-76.39	27.13
3.49	19.41	38.87
-1.81	16.55	43.63
7.93	-50.24	32.4
-3.88	-49.76	25.8
37.37	19.62	-2.8
-37.39	13.08	1.96
16.49	10.28	57.33
-32.59	2.04	65.28
-7	0.54	57.3
-39.72	36.28	-14.46
13.64	53.43	-17.63
-26.89	58.36	-5.31
3.87	-49.18	60.23
-5.73	-54.52	60.79
21.04	-63.71	63.48
-14.35	-61.95	48.13
-31.46	-57.73	49.09
-57.1	-41.34	56.93
30.24	-85.54	0.53
-13.48	-81.51	15.19
9.47	34.71	-11.55
-7.69	55.93	-10.9
-6.99	-62.04	32.44

// Druzgal T J, 2001: Working Memory Load
// Subjects=9
34	-4	55
30	-68	50
-4	11	45
-34	-79	35
-41	-8	35
-56	0	30
45	23	25
30	19	-5
-34	26	-10
-49	-64	-15
-4	-34	-20
-41	-56	-25

// Gruber O, 2003: Verbal Working Memory, Absence of Articulatory Suppression, 
// Phonological Storage
// Gruber O, 2003: Verbal Working Memory, Independent of or Enhanced by 
// Articulatory Suppression, Phonological Storage
// Gruber O, 2003: Visuospatial Working Memory, Visuospatial Rehearsal
// Gruber O, 2003: Visuospatial Working Memory, Visual Pattern Storage
// Gruber O, 2003: Visuospatial Working Memory, Effects of Visuospatial 
// Suppression on Memory-Related Activations
// Gruber O, 2003: Visuospatial Working Memory, Eye Tracking
// Subjects=13
-26.73	56.81	16.01
43.74	51.09	4.53
-51.94	-39.94	33.33
57.13	-47.31	38.28
-4.24	39.86	14.94
15.25	7.42	34.17
56.65	16.9	1.67
40.81	13.32	25.57
8.4	69.83	2.25
-58.66	16.18	16.44
-42.51	10.96	30.07
-39.09	-35.2	38.37
41.07	-37.81	38.78
-39.49	-61.32	-24.12
40.68	-56.18	-19.9
-13.95	16.85	-6.44
11.75	23.07	2.78
43.83	50.98	16.8
2.48	20	46.64
-23.53	22.68	0.99
37.39	26.39	2.21
-42.72	31.8	10.48
-26.38	4.34	39.36
28.12	8.01	40.66
-32.58	-38.54	49.72
31.62	-46.01	57.42
-16.46	-64.96	50.64
22.02	-52.5	56.96
-26.2	-70.62	33.38
37.93	-72.35	32.79
-45.67	9.17	34.72
50.4	13.12	22.13
53.66	-56.68	0.07
-19.92	13.7	49.66
21.76	18.35	51.02
-35.78	-37.33	51.89
34.77	-39.99	52.42
-13.3	-43.36	54.37
15.62	-60.11	55.44
-26.22	-70.88	30.06
37.95	-72.09	36.11
-48.9	12.24	33.38
47.2	13.1	22.17
53.64	-53.59	-1.3
-23.15	-.84	40.88
28.14	4.93	42.03
-32.6	-35.45	48.35
34.72	-35.05	47.54
-19.64	-60.32	55.86
22.02	-52.5	56.96
-29.41	-73.98	31.47
34.71	-73.6	30.7
-42.46	12.53	36.63
53.6	11.91	19.97
50.45	-56.69	0.11
-23.09	11.82	53.2
24.91	7.99	40.7
-32.62	-32.28	48.08
34.69	-33.19	44.04
-22.9	-43.25	56.7
25.23	-48.08	58.78
-22.98	-72.71	33.52
34.69	-67.17	31.28
-48.87	12.5	36.71
56.87	11.56	28.88
40.91	-68.04	5.63

// Phillips M L, 1998: Familiar - Unfamiliar Faces
// Subjects=8
63.21	-30.9	2.26
-50.99	-17.01	26.94
-33.12	35.03	10.1
-5.41	55.29	8.09

// Veltman D J, 2003: Sternberg
// Veltman D J, 2003: n-Back
// Veltman D J, 2003: Encoding
// Veltman D J, 2003: Responding
// Subjects=22
-51	12	36
-48	24	27
-51	12	3
54	12	36
45	33	33
-45	-42	54
6	18	60
21	-57	-42
-36	48	21
-48	24	30
-45	36	27
-51	12	9
54	15	36
45	36	36
54	12	18
-45	-39	51
-45	-54	-15
9	12	63
39	-57	-42
-48	6	27
-51	15	0
36	-45	57
27	0	57
-45	3	36
-45	12	33
-51	15	0
45	33	33
48	18	36
-51	-36	42
42	-51	54
-42	-51	-12
24	15	60
-6	9	63
18	-63	-39

// Casey B J, 1998: Pooled Subjects
// Subjects=8
-11.95	61.53	-6.86
3.02	62.85	-4.91
-3.28	62.87	9.66
-39.34	30.36	32.87
48.37	21.88	39.26
-36.32	17.4	2.7
-55.15	-24.64	38.78
1.48	-41.9	30.65
-36.7	-42.39	69.05
27.28	-60.98	43.11
17.71	-65.01	46.9

// Casey B J, 1998: Boston Site
// Subjects=5
-33.18	47.55	6.82
42.81	43.74	19.65
46.28	24.58	46.87
32.48	17.7	55.41
-43.78	33.02	12.62
-37.45	20.06	-4.2
0.37	21.39	51.01
26.23	-22.35	61.07
-49.7	-25.69	52.19
50.72	-28.69	45.71
-18.56	-53.54	60.86
43.41	-35.74	65.34
-3.64	-37.42	61.56

// Casey B J, 1998: Madison Site
// Subjects=5
40.64	43.39	15.25
34.57	8.48	46.12
-26.32	2.83	47.3
3.51	18.53	41.18
-.69	-42.26	26.25
13.41	-48.83	50.06

// Casey B J, 1998: Minnesota Site
// Subjects=6
-6.53	69.03	6.95
26.85	42.22	28.89
-23.23	37.83	45.44
10.39	28.86	-32.26
-23.29	24.02	32.1
28.06	24.93	39.24
19.24	-9.73	-9.05
-40.43	-11.63	12.98
-49.35	-23.19	-39.47
-5.73	-20.46	74.66
-66.27	-28.1	-18.79
2.52	-31.24	30.86
-49.16	-36.63	-20.51
19.43	-34.16	5.27
-22.72	-33.71	83.78
-14.77	-40.97	2.88
12.46	-43.15	68.55
53.92	-59.48	32.64
-31.03	-65.47	-37.25
19.33	-54.99	-16.41
-5.84	-74.38	37.92
19.7	-86.26	19.67

// Casey B J, 1998: Pittsburgh Site
// Subjects=8
-2.33	54.02	-8.57
12.02	47.81	47.54
-8.13	31.71	61.39
32.49	0.26	50.18
-32.71	21.62	56.95
39.62	43.89	21.91
32.09	12.61	3.43
-43.79	7.67	1.37
33.52	-1.3	43.61
-5.72	-48.89	64.78
14.64	-43.86	73.05
5.63	-50.82	11.28
48.6	-51.59	38.73
-59.35	-50.21	38.74
-36.67	-55.34	66.79
28.48	-57.49	60.65
60.04	-53.64	-2.49
-29.35	-76.64	38.38
-36.99	-80.6	15.38
-.55	-90.27	24.7
28.01	-90.89	-13.49

// Cohen J D, 1994: Memory - Control
// Subjects=12
19.26	55.23	18.96
-29.9	42.88	14.98
34.22	47.66	16.08
-37.41	36.95	7.76
42.71	43.86	7.38
-2.17	43.5	6.81
4.32	25.74	10.45
-24.77	28.62	-18.45
28.61	43.75	-20.33

// Cohen J D, 1997: Load
// Subjects=10
40.74	37.81	25.75
8.75	35.05	34.16
-42.63	10.74	13.36
49.33	17.43	22.9
-36	6.49	40.41
35.73	12.69	59.14
14.58	-58.72	59.79
-41.15	-46.42	44.91
48.67	-53.02	47.77

// Subjects=0

// Hautzel H, 2002: Conjunction Analysis
// Subjects=17
-48	8	28
-48	32	20
-36	24	-8
28	0	60
32	60	4
28	8	48
32	24	-12
-36	60	0
0	20	36
-44	-44	40
8	-68	48
8	-68	48
8	-80	-28
-12	-80	-28
-36	-64	-48
32	-64	-36

// Honey G D, 2000: Activation vs. Baseline
// Subjects=20
-35.81	-51.93	41.96
-44.72	21.1	23.67
38.42	52.38	7.83
1.44	13.74	48.29
-44.5	-1.85	43.44
35.74	-2.55	54.84
-19.8	-9.22	56.04
-36.15	-76.3	-11.75
-36.18	-67.84	-12.46
28.99	-73.17	-18.34

// Jonides J, 1997: 3-back minus Control, Activations
// Jonides J, 1997: 2-back minus Control, Activations
// Jonides J, 1997: 1-back minus Control, Activations
// Subjects=19
-26.28	1.06	51.91
-49.92	5	36.23
-20.8	-66.73	41.91
-35.83	-47.78	40.5
-45.75	11.66	25.59
-40.62	48.99	12.36
-67.19	0.9	12.24
-59.68	17.75	23.01
-26.72	14.03	-.48
-38.57	-46.39	-37.65
-34.34	-61.06	-48.74
29.3	4.73	53.19
33.7	-56.54	44.9
46.07	37.76	24.58
46.17	6.92	24.93
40.57	53.7	11.04
28.84	22.03	1.56
26.44	51.14	-20.93
38.52	-58.65	-24.13
28.72	-63.85	-49.23
-1.83	13.03	39.47
9.71	-12.18	1.3
2.19	-19.26	-6.94
4.41	-73.32	-18.04
-26.27	-1.06	52.08
-35.81	-49.73	42.89
-20.81	-63.56	41.65
-53.11	-4.71	34.85
-38.24	4.3	26.12
-40.43	-75.36	-12.9
-40.53	-58.78	-18.75
-38.64	-54.74	-49.22
31.44	7.03	55.2
39	-46.99	44.03
33.69	-58.83	42.86
48.22	35.66	24.73
45.94	56.19	15.23
14.02	-14.02	4.75
38.52	-58.65	-24.13
23.58	-66.14	-23.33
36.28	-55.29	-35.53
23.39	-63.71	-46.95
-1.83	13.03	39.47
-5.23	-16.5	1.84
4.32	-54.45	-21.85
0	-74.71	-35.72
-65.06	0.91	12.22
38.64	-67.22	-11.14
4.27	-45.11	-24.87

// Kim J J, 2002: Simple Pictures - Control
// Subjects=14
38	20	50
28	8	28
-20	20	28
-28	62	-6
58	-36	44
-52	-64	46
-46	-78	8

// Martinkauppi S, 2000: 3-Back vs. 1-Back
// Martinkauppi S, 2000: 2-Back vs. 1-Back
// Subjects=10
5.71	21.42	50.95
-2.77	20.91	58.89
27.12	13.09	51.4
-23.09	14.11	55.24
43.94	37.83	25.71
-42.58	40.91	32.02
42.05	19.44	49.58
-39.21	20.73	45.94
49.25	22.12	14.7
-45.87	22.52	14.64
32.97	55.63	-4.65
-35.37	56.88	3.84
45.19	3.46	35.27
-42.41	8.65	41.42
26.33	-65.25	56.86
-22.85	-65.88	53.02
39.12	-51.25	57.77
-35.76	-48.16	49.45
46.48	-46.95	43.94
-48.61	-47.43	46.19
8.1	-60.58	49.99
-4.65	-64.29	58.25
55.76	-46	0.26
-52.09	-52.48	8.74
46.17	-65.61	-4.67
-50.06	-57.98	-7.55
8.73	22.73	26.27
-2.97	21.06	33.23
6.86	-40.38	36.04
-.68	-43.23	27.45
37.43	20.3	6.07
-34.2	19.53	2.49
5.68	25.48	48.37
-1.74	28.24	57.15
25.05	8.31	58.51
-22.01	12	55.4
42.9	37.02	29.14
-42.56	30.17	30.69
38.82	17.05	46.47
-38.14	20.73	45.93
43.86	24.91	10.07
-45.88	24.55	13.36
23.35	56.63	-4.62
-24.65	56.14	7.12
45.24	-1.49	40.15
-40.25	0.12	40.99
22.05	-54.36	60.46
-20.7	-62.44	56.05
34.76	-48.88	47.59
-36.83	-49.22	49.55
44.36	-48.99	45.25
-40.03	-54.7	47.82
7.06	-56.99	55.28
-4.68	-62.43	54.75
53.63	-41.61	2.15
-49.97	-53.7	6.59
-47.95	-58.23	-10.9
9.7	34.91	18.54
-4.1	25.91	27.26
10.08	-42.39	37.29
40.63	5.98	-.57
-37.39	10.88	1.03

// Owen A M, 1999: Spatial Span - Visuomotor Control
// Owen A M, 1999: Spatial Manipulation - Visuomotor Control
// Subjects=5
28	18	-4
34	-2	48
22	-62	52
34	34	24
38	14	0
32	0	48
22	-64	52

// Smith E E, 1996: Verbal Memory - Control
// Smith E E, 1996: Spatial Memory - Control
// Smith E E, 1996: Verbal 3-Back - Control
// Smith E E, 1996: Spatial 3-Back - Control
// Smith E E, 1996: Verbal 2-Back - Control
// Subjects=30
0.42	10.9	53
-24	-53.46	48.64
-49.86	-2.06	41.29
-45.81	15.46	19.7
-57.54	5.7	18.42
-17	-2.4	6.37
-28.87	16.14	-.63
36.37	-64.21	-26.98
-5.09	24.48	36.32
27.13	6.66	50.82
41.11	-37.46	43.21
31.55	-68.7	39.25
36.25	21.3	-8.5
-37.94	-47.46	44.96
-40.48	37.24	25.62
-38.47	49.17	14.55
-38.66	59.26	-6.36
12.41	-62.42	53.44
38.52	46.89	19.44
-11.26	5	60.32
-18.55	-65.52	57.4
-45.4	-44.07	48.1
-26.17	-51.61	45.17
-34.19	49.2	14.5
14.57	-62.15	56.74
33.51	8.56	47.24
46.48	-46.95	43.94
38.61	33.48	25.02
-4.9	8.93	55.46
-28.42	6.5	53.7
-16.48	-58.53	51.21
-33.69	-44.43	42.42
-43.69	20.76	19.23
-31.16	-54.69	-49.31
-26.85	-74.13	-53.3
-29.03	-69.02	-55.94
27.14	8.95	52.86
29.49	-52.54	55.76
14.54	-62.4	53.41
2.19	-68.64	-26.22
26.6	-68.09	-48.85
4.57	17.3	39.04

// Awh E, 1996: Subject Group 1
// Subjects=11
-24	-53.46	48.64
-57.54	5.7	18.42
-45.81	15.46	19.7
0.42	10.9	53
-49.86	-2.06	41.29
-28.87	16.14	-.63
-17	-2.4	6.37
36.37	-64.21	-26.98
7.73	24.55	36.16

// Awh E, 1996: Subject Group 2
// Subjects=9
-33.69	-44.43	42.42
-16.48	-58.53	51.21
-43.69	20.76	19.23
-28.42	6.5	53.7
-26.85	-74.13	-53.3
-4.9	8.93	55.46
14.54	-62.4	53.41
29.49	-52.54	55.76
27.14	8.95	52.86
2.19	-68.64	-26.22
36.37	-64.21	-26.98
-1.84	17.26	39.11
-16.5	-58.7	49
-28.43	6.33	51.49
-1.83	19.64	42.26
29.46	-56.14	50.49
14.54	-62.4	53.41
29.26	8.79	50.62
4.37	-16.62	-.49
4.32	-66.51	-26.42
30.92	-65.35	-41.32

// Subjects=0

// Subjects=0

// Subjects=0

// Kim J J, 2003: Normals
// Subjects=12
38	20	50
-28	62	-4
6	32	36
-24	-60	52
60	-38	44
-52	-62	48
-22	10	-4
-46	-82	-38

// Ragland J D, 2002: Letter 1Back - 0Back
// Ragland J D, 2002: Fractal 1Back - 0Back
// Ragland J D, 2002: Letter 2Back - 0Back
// Ragland J D, 2002: Fractal 2Back - 0Back
// Ragland J D, 2002: Letter 2Back - 1Back
// Subjects=11
39.59	26.03	11.14
39.71	22.83	24.79
31.32	-1.91	35.88
40.01	-39.93	38.97
-32.59	-48.48	44.98
-45.46	-35.87	44.07
-24.39	-56.43	-3.52
-41.57	30.46	20.62
-28.49	-1.93	41.03
39.9	-1.52	40.21
-36.8	-56.62	50.17
39.48	20.43	-6.23
52.6	-51.05	4.07
39.37	58.84	-4.99
48.19	39.8	23.27
-50.2	16.35	4.06
48.59	-39.53	43.3
-53.99	-40.15	44.53
-24.62	24.62	-1.39
35.22	24.98	-2.11
-33.22	46.06	1.37
43.9	35.2	19.24
-41.57	30.46	20.62
-45.7	9.97	31.31
1.31	32.09	37.83
44.35	-48.02	44.06
-28.3	-52.68	45.28
30.96	29.53	2.02
-50.2	16.35	4.06
39.53	51.75	13.44
-37.3	30.49	20.57
-45.67	10.31	35.74
44.13	11.2	39.09
-11.57	-8.11	14.59
5.56	27.54	33.71
48.61	-43.76	43.65
-24.01	-56.89	45.59

// Schumacher E H, 1996: Visual Memory - Control, Increases
// Schumacher E H, 1996: Auditory Memory - Control, Increases
// Subjects=8
-26.26	6.68	55.89
-6.85	-66.05	49.5
-28.27	-59.03	45.82
-47.78	-.44	34.44
-50.1	20.72	19.3
-45.97	48.95	12.43
-53.39	12.19	5.56
33.5	10.67	47.07
14.55	-65.58	53.68
43.23	-44.14	39.28
31.02	-62.12	-27.09
2.42	19.4	38.89
-24.2	5.93	45.9
-26.09	-60.7	51.51
-40.12	-40.24	42.15
-43.6	13.96	27.6
-47.97	30.51	21.8
-59.72	7.46	13.84
-50.23	21.55	2.51
31.41	11.09	52.63
17.72	-60.44	50.98
43.29	-49.08	44.16
19.3	-64.05	-23.45
-7.13	13.43	45.07
-5.27	-73.97	-25.68

// Zurowski B, 2002: Main Effect of Working Memory
// Subjects=8
-24	0	51
30	3	54
-42	36	33
45	33	33
-27	-66	33
30	-66	48
0	-69	48
45	-42	36

// Honey G D, 1999: Normals
// Subjects=10
-39.01	-51.95	42
35.83	-63.13	42.08
-44.58	7.23	37.1
38.43	49.2	8.09
-36.32	21.81	4.56
-1.76	13.72	48.33
-44.54	7.66	42.64
-41.21	-9.78	50.76
19.43	-79.14	-12.15
-33	-71.42	-17.77
35.73	-.43	54.66
-41.5	-73.16	-11.95

// Honey G D, 2002: Normals
// Subjects=20
-35.81	-51.93	41.96
-44.72	21.1	23.67
38.42	52.38	7.83
1.44	13.74	48.29
-44.5	-1.85	43.44
35.74	-2.55	54.84
-19.8	-9.22	56.04
-36.15	-76.3	-11.75
-36.18	-67.84	-12.46
28.99	-73.17	-18.34

// Chen J K, 2004: Verbal Working Memory
// Chen J K, 2004: Visual Abstract Working Memory
// Subjects=8
-48	30	30
-56	20	30
-56	6	4
-50	0	32
-52	-36	2
-36	16	0
-20	-12	10
-2	-54	-18
-36	-60	-22
36	38	30
4	22	36
32	20	0
18	-12	10
8	-44	-22
24	-58	-22
2	-68	-24
10	-70	-18
-46	46	14
-52	18	28
-42	56	12
-50	0	32
-6	24	38
-42	-74	-8
-38	-74	-24
-34	-90	-6
-34	16	4
-18	0	22
-20	-16	22
-10	-12	4
-40	-64	-24
36	38	32
50	20	40
28	50	4
42	10	28
4	22	36
38	-2	32
40	-70	-4
26	-84	-8
30	22	4
16	-6	24
6	-16	4
8	-44	-22
0	-56	20
6	-70	-18

// Subjects=0

// Honey G D, 2003: Normals
// Subjects=27
-43.24	-53.66	47.77
-44.58	7.23	37.1
41.64	47.11	8.23
-33.16	21.4	-1.02
56.76	18.02	16.07
4.65	13.76	48.25
-44.51	1.32	43.17
-39.36	-73.15	-11.98
35.42	-67.41	-13.32
-11.58	-82.93	-17.05
32.17	-67.86	-18.82

// LaBar K S, 1999: Working Memory
// Subjects=11
33	15	48
30	6	54
-27	9	54
-21	18	54
-39	15	27
3	-63	45
45	-60	33
39	-60	-45

// Petrides M, 1993: Self-ordered - Control
// Petrides M, 1993: Self-ordered - Conditional
// Petrides M, 1993: Conditional - Control
// Subjects=9
-39.24	14.93	39.74
-36.26	34.55	17.99
-6.32	39.3	21.7
-2	34.3	25.42
-32.63	-45.65	40.28
-24.02	-54.77	45.41
38.53	37.03	15.8
25.99	13.54	43.57
10.93	30.03	37.9
26.15	-55.07	37.05
18.65	-55.37	33.82
-39.37	35.47	30.21
35.44	38.29	32.46
34.24	47.83	18.29
52.45	34.2	19.23
45.84	40.82	-4.67
37.79	16.33	51
57.16	-31.65	48.11
43.34	-46.28	52.85
-15.79	29.78	37.11
-4.21	34.66	16.49
-34.78	-43.55	40.13
-27.24	-52.76	44.16
21.88	-52.81	39.14
6.89	-58.7	33.12
1.44	-29.13	30.7

// Kawashima R, 1998: Learning vs. Control
// Subjects=9
-4.98	17.93	48.02
-42.19	-70.37	38
-47.65	-61.74	26.19
-15.93	10.81	11.94
-7.32	-6.14	12.14
-6.28	-45.92	-6.84
35.41	31.35	25.24
37.83	-83.24	15.86
44.04	-70.99	-5.31
20.42	-37.13	-5.65
16.25	-17.38	16.16
-15.32	-56.44	64.41
-32.51	-52.02	54.2
-18.7	-79.2	31.78
-2.77	-70.19	23.04
-18.98	-60.11	3.42
16.68	-73.39	48.73
42.21	-45.92	43.91
33.73	-71.6	42.81
7.96	-88.36	21.09
9.92	-63.83	7.86
23.63	-50.22	-10.16

// Subjects=0

// Drobyshevsky A, 2006: Working Memory
// Subjects=31
-48.02	14.68	9.75
51.35	16.24	7.36
-32.7	1.99	50.79
37.85	4.87	54.19
-29.98	57.34	9.31
37.3	62.86	5.85
2.56	10.92	52.98
-23.97	-62	48.25
22.01	-66.84	50.35
-37.94	-53	42.08
43.29	-50.14	44.25

// Subjects=0

// Leung H C, 2002: Late Delay
// Leung H C, 2002: Main Task Effects
// Leung H C, 2002: Time Effects
// Leung H C, 2002: Interaction Between Task and Time
// Subjects=6
41.8	32.27	22.86
36.39	50.22	21.41
41.68	45.25	11.73
40.62	22.27	3.64
42.67	22.48	-7.56
18.7	6.75	66.52
-39.54	44.76	12.71
-8.07	0.54	57.32
49.46	5.6	35.04
50.45	5.89	24.97
22.12	-49.27	71.18
24.2	-55.32	61.63
42.2	-30.6	49.31
-26.22	-2.75	57.8
-50.07	2.4	16.38
41.8	32.27	22.86
36.39	50.22	21.41
41.68	45.25	11.73
40.51	49.76	1.33
40.62	22.27	3.64
42.67	22.48	-7.56
18.7	6.75	66.52
10.09	2.76	56.92
49.46	5.6	35.04
50.45	5.89	24.97
22.12	-49.27	71.18
24.2	-55.32	61.63
42.2	-30.6	49.31
-26.22	-2.75	57.8
-49.92	3.94	36.32
-20.67	-57.7	62.34
-42.22	-30.05	50.24
-39.54	44.76	12.71
41.8	32.27	22.86
7.83	14.66	45.91
10.09	2.76	56.92
-36.27	49.78	22.28
-6.16	19.01	34.56
-8.07	0.54	57.32
53.58	4.08	15.05
42.2	-30.6	49.31
-39.01	-11.28	58.66
-6.99	-87.22	23.4
42.2	-10.8	57.69
-36.27	49.78	22.28
42.2	-30.6	49.31

// Mendrek A, 2004: Control Subjects
// Subjects=8
36	-48	40
48	8	32
-40	-52	44
-24	-4	52
-40	-60	-40
-16	-4	4
24	-64	-40
8	-24	8
-28	-68	44
36	-64	44
-20	-4	52
-32	-56	-40
32	-4	56
40	-68	-36
-8	-24	12
8	-20	16

// Menon V, 2001: Average Group Activation For Controls
// Subjects=13
56	24	34
56	28	34
-58	24	2
60	22	20
-46	-58	42
50	-58	42
-32	-58	54
34	-76	44
-4	24	34
2	22	24

// Perlstein W M, 2003: Normals
// Subjects=15
36.77	6.89	52.92
6.7	19.43	38.83
43.86	41.38	16.49
-38.42	41.94	17.39
48.15	18.51	9.44
-40.52	18.15	12.72
47.54	-53.63	40.03
-35.8	-50.79	42.98
2.19	15.95	7.95

// Yoo S S, 2005: Normals
// Subjects=10
4	31	44
6	14	48
26	14	38
48	15	18
-44	11	31
30	14	53
-32	8	51
12	26	23
34	-56	42
-34	-56	51
24	-91	3
-18	-97	3
48	-57	-16
-40	-51	-14
24	6	-4
-22	8	-4
36	21	-9
-30	27	-6
39	-57	-22
-38	-57	-21
2	-58	-29
0	-58	-31

// Kirschen M P, 2005: Linear Activations
// Kirschen M P, 2005: Quadratic Activations
// Kirschen M P, 2005: Linear + Quadratic Activations
// Subjects=16
-4.79	16.32	40.83
-11.39	23.55	33.62
-37.57	23.41	-11.19
-39.67	15.42	-8.13
-67.27	7.61	12.05
-58.39	1.77	29.4
-60.48	9.09	36.67
-47.78	3.03	22.82
-41.93	-63.47	-32.11
-30.4	-47.35	36.36
-41.93	-43.93	-27.43
-39.94	-84.75	-49.64
-31.27	50.56	-11.63
-31.13	-66.43	-24.15
35.14	23.67	-12.46
28.44	-78.09	-50.01
39.51	40.5	3.17
48.18	40.84	5.12
50.19	49.1	3.82
46.15	10.13	9.76
43.71	-68.74	-28.9
30.88	-70.62	-26.47
53.11	-30.69	46.96
34.94	55.92	-21.14
35.99	-42.2	40.77
-43.24	-51.52	37.22
-38.75	-60.29	48.88
-39.43	13.85	10.63
-52.02	19.08	32.85
-43.87	34.07	5.56
-54.39	18.81	16.33
-7.63	-17.39	-18.76
44.1	-96.67	-3.84
9.33	11.03	-22.2
41.86	16.85	12.98
54.14	42.58	-27.09
25.1	22.56	39.37
-37.56	21.3	-10.87
-4.83	18.03	38.53
-47.81	2.74	20.83
-34.75	-41.23	35.5
-30.4	-49.36	36.67
-29.07	50.97	-8.57
35.12	23.39	-14.33
52.41	43.16	6.72
41.67	40.51	3.13
46.18	10.33	11.87

// Linden D E J, 2003: Middle and Late Delay
// Subjects=12
-38.27	19.36	28.2
35.44	33.81	29.49
-25.17	-5.11	54.64
28.25	-6.02	51.87
-5.06	22.62	39.82
9.89	17.08	35.65
-4.92	3.21	50.36
12.13	0.6	42.58
-51.05	7.65	29.33
36.81	-31.15	42.73
-45.46	-42.47	41.28
-36.87	-45.25	45.87
-28.3	-63.69	40.63
36.87	-43.66	46.01
-17.6	-67.85	40.86

// Monks P J, 2004: Controls
// Subjects=12
17.45	4.86	42.16
-25.09	-59.27	42.45
-10.24	-5.36	50.03
-51.98	-13.96	38.96
57.96	-3.67	24.57
40.03	-55.16	34.67
46.97	11.85	-7.83
-44.97	10.87	-12.27
-2.85	-45.78	22.11
-41.14	-18.87	57.09
-37.22	13.74	24.2
39.94	-68.16	17.92
12.53	53	-23.15
-41.36	4.08	37.33
5.72	12.71	48.33
12.44	39.99	-39.91
54.85	-5.92	37.06
4.4	-85.46	-23.72
35.79	-72.36	32.82
5.66	-78.03	3.53
-48.73	-18.97	42.69
-43.29	-70.72	33.59
61.29	-33.08	29.23
-19.16	-88.4	-32.12
40.89	0.97	31.07
45.09	21.09	29.33
-42.5	3.3	27.37
-45.52	-66.13	24.31
2.53	-64.07	19.12
0.37	7.13	45.51
54.5	12.41	-1.27
-33.61	-72.18	41.4
-27.73	-8.44	-1.93
43.54	-4.83	-44.31

// Mu Q, 2005: Sternberg Task, Sleep Deprivation-Resilient vs. -Vulnerable 
// Subjects, Rested State
// Subjects=10
-44	-2	54
26	-76	44

// Subjects=0

// Subjects=0

// Harvey P O, 2005: Healthy Subjects
// Subjects=10
-33	-45	42
-12	-69	48
15	-60	42
51	-30	36
42	-63	36
9	39	33
-45	18	21
-39	45	6
39	45	9
48	39	24

// Manoach D S, 2000: Normals
// Subjects=9
-44.7	32.36	31.65
47.09	48.25	22.57
1.51	15.48	57.07
-41.36	4.08	37.33
17.6	12.92	63.79
-28.25	-65.37	46.35
41.22	-61.53	48.57
-28.83	24.22	7.61
40.66	24.9	10.11
-15.04	66.06	10.64
-47.77	17.25	42.99
27.59	42.05	-14.6
43.98	16.25	21.94

// Mendrek A, 2005: Normal Subjects
// Subjects=12
-44	-4	36
44	28	24
32	-4	60
-40	48	20
40	-56	48
36	-68	40
-32	-72	44
-40	-52	44
-36	-60	-40
40	-64	-36
4	-16	12
-8	-20	12

// Quintana J, 2003: Normal Subjects
// Subjects=8
-41.71	22.4	-1.01
-52.41	15.65	-4.78
52.36	7.99	-3.11
48.39	11.05	36.83
-43.93	25.93	-10.2
52.49	24.68	20.02
-28.18	-62.4	57.25
-47.56	-26.74	52.25
-60.68	14.11	31.13
58.87	9.06	10.11
21.03	-57.19	65.17
-47.57	-29.02	50.21
44.37	-25.84	55.58
-52.4	13.54	-4.6
50.16	11.69	-10.09
-58.55	18.35	30.75
43.7	19.94	-12.93
-54.57	17.58	-7.15
-52.16	9.42	24.74
-32.48	-60.48	54.91
-51.85	-31.33	48.22
-43.2	-54.37	52.29
33.69	-50.03	46.58

// Subjects=0

// Subjects=0

// Lange G, 2005: Controls - Study 1
// Subjects=7
-45.99	11.62	37.63
-57.1	9.3	13.4
-43.59	6.91	55.98
-4.42	-63.15	62.25
32.17	-57.47	52.1

// Lange G, 2005: Controls - Study 2
// Subjects=18
-48.22	11.09	32.12
-26.43	10.39	46.38
-.47	21.64	50.43
51.14	23.24	30.34
36.27	13.05	48.41
10.64	-59.16	58.24

// Meisenzahl E M, 2006: Normals
// Subjects=12
-52.11	22.67	-16.03
-47.96	-39.44	42.72
-43.49	-40.51	53.95
53.17	15.73	18.73
56.26	26.61	8.63
-11.74	-9.25	7.73
-9.65	4.48	5.22
7.64	-18.42	0.47
-41.78	5.38	28.09
37.46	22.26	-25.36
-48.39	28.44	22.56
51.47	-37.72	44.21
-66.53	-38.83	27.28
36.54	-57.15	55.35
-37.95	52.04	-1.24
-35.66	47.56	8.12
-43.82	16.09	39.39
-1.02	41.61	11.48
-27.22	23.07	-13.13
3.46	38.41	22.93
-34.8	-48.89	55.75
-47.85	-38.61	51.6
-31.56	27.31	-13.47
-51.07	24.59	-18.48
-28.68	22.83	41.83
-43.88	15.67	34.95
50.94	27.21	15.39
34.27	-55.75	47.41
42.85	-49.65	43.3
-5.31	37.44	13.09
-3.07	24.89	16.54
7.98	-25.7	25.84
39.73	20.87	-17.41
9.96	33.11	23.34
-11.79	-3.07	4.88
7.63	-11.93	0.95
-44.33	18.83	-0.09
33.14	49.56	-20.14
-2.66	21.42	48.25
-11.04	-66.34	51.47
58.25	18.78	-6.32
-56.19	19	2.34
-2.84	29.96	36.2

// Allen P P, 2006: 2-Back > 0-Back, Sham Depletion
// Subjects=10
47.52	-46.14	40.52
-41.57	34.86	22.48
43.92	35.37	21.46
-25.02	-66.24	48.61
0.36	16.91	48.04
5.58	24.45	35.08

// Koshino H, 2008: Controls
// Subjects=11
-34	54	14
-32	2	58
38	24	-12
-2	20	50
-8	-6	62
-36	4	30
6	10	26
-32	-58	42
36	-64	42
58	-44	8
-44	-62	-24
42	-50	-26
-34	-88	-6
-24	6	-14
20	-12	8

// Pfefferbaum A, 2001: Controls
// Subjects=10
-33.53	33.32	19.92
-49.88	20.96	22.99
-36.21	40.16	5.95
-37.41	33.21	12.04
-30.7	-47.19	55.29
-32.19	-67.05	53.13
-6.14	-57.03	72.77
-14.39	-55.81	70.1
-13.77	-65.6	57.27
10.55	-40.17	54.68
-37.77	5.84	45.46
-37.91	18.76	37.79
-33.91	14.31	45.11
-19.85	19.57	55.78
13.5	60.65	-7.23
5.42	32.77	31.41
44.43	-61.16	46.43
44.04	-51.25	51.39
56.13	-37.56	53.64
14.68	-57.52	69.77
34.94	-40.18	69.28
51.5	27.47	16.92
28.09	28.3	37.41
55.46	38.03	16.03
32.34	13.53	45.74
59.92	25.17	16
55.5	25.49	25.45
48.59	-72.3	-10.92
-37.97	-55.53	-24.33
-40.78	26.51	0.32
-27.99	22.97	11.1
-25.28	2.29	7.94
-16.35	15.42	-9.42
-18.5	6.21	-2.2
-1.44	-47.91	-22.9
37.82	8.3	59.5
-41.46	42.41	9.63
33.53	15.9	54.9
66.62	19.07	31.95
28.53	-59.71	62.8
43.9	-59.07	56.2
48	-52.62	-10.51

// van der Wee N J A, 2003: Normals
// Subjects=11
1	24	47
47	41	19
33	13	54
-36	8	58
29	-66	54
-47	-52	51

// Subjects=0

// Matsuo K, 2007: Normals
// Subjects=15
-30	0	46
-44	18	20
-24	10	44
44	54	6
44	34	20
-26	0	44

// Walter H, 2007: Normals
// Subjects=17
-36	-81	-12
42	-69	-24
-42	-42	45
-51	3	36
-24	69	54
33	-63	54
-51	3	36
21	-66	60
30	-66	-27
30	-3	66
-33	-69	-24
-39	24	0
33	24	3
-21	0	9
42	36	24
-42	24	27
12	-75	-21
-18	-69	57
-51	3	36
24	-66	60
39	39	24
54	12	30
24	-63	6
-39	-42	-36
-66	-15	18
-33	51	18
-33	-39	-42

// Mayer J S, 2007: Common Activation, WM Load
// Mayer J S, 2007: Common Activation, Attentional Demand
// Mayer J S, 2007: Common Activation, 2-Way Interaction
// Mayer J S, 2007: Common Activation, 3-Way Interaction
// Mayer J S, 2007: Working Memory Selective, WM Load
// Mayer J S, 2007: Working Memory Selective, 2-Way Interaction
// Mayer J S, 2007: Working Memory Selective, 3-Way Interaction
// Subjects=18
48.38	13.16	36.65
49.26	37.61	22.32
42.79	33.62	12.69
57.89	13.25	23.15
-20.88	-7.11	55.87
32.57	-1.08	60.33
-43.37	-5.56	50.43
44.3	0.85	56.69
-46.65	0.16	42.18
51.6	10.01	36.88
-3.85	10.96	54.16
5.78	13.31	56.09
35.32	18.35	8.49
-29.94	25.9	1.91
-18.51	-62.89	63.87
31.65	-62.21	54.32
-39.04	-39	44.26
37.95	-52.29	44.49
-15.34	-64.35	58.38
-19.72	-72.09	41.24
28.33	-65.63	37.91
-24.18	-92.75	8.45
29.21	-90.66	3.2
-41.46	-78.19	-8.19
-41.49	-61.02	-6.28
43.96	-61.9	-11.65
-24.11	-82.12	22.05
37.87	-81.75	21.31
-20.78	-81.87	38.72
40.91	-77.9	2
12.07	-86.79	-.27
-7.37	-24.18	-.84
8.67	-20.74	0.92
48.38	13.16	36.65
49.26	37.61	22.32
42.79	33.62	12.69
57.89	13.25	23.15
-20.88	-7.11	55.87
32.57	-1.08	60.33
-43.37	-5.56	50.43
44.3	0.85	56.69
-46.65	0.16	42.18
51.6	10.01	36.88
-3.85	10.96	54.16
5.78	13.31	56.09
35.32	18.35	8.49
-29.94	25.9	1.91
-18.51	-62.89	63.87
31.65	-62.21	54.32
-39.04	-39	44.26
37.95	-52.29	44.49
-15.34	-64.35	58.38
-19.72	-72.09	41.24
28.33	-65.63	37.91
-24.18	-92.75	8.45
29.21	-90.66	3.2
-41.46	-78.19	-8.19
-41.49	-61.02	-6.28
43.96	-61.9	-11.65
-24.11	-82.12	22.05
37.87	-81.75	21.31
-20.78	-81.87	38.72
40.91	-77.9	2
12.07	-86.79	-.27
-7.37	-24.18	-.84
8.67	-20.74	0.92
-20.88	-7.11	55.87
-43.37	-5.56	50.43
44.3	0.85	56.69
-46.65	0.16	42.18
51.6	10.01	36.88
-3.85	10.96	54.16
5.78	13.31	56.09
-18.51	-62.89	63.87
31.65	-62.21	54.32
-39.04	-39	44.26
37.95	-52.29	44.49
-15.34	-64.35	58.38
-19.72	-72.09	41.24
28.33	-65.63	37.91
-24.18	-92.75	8.45
29.21	-90.66	3.2
-41.46	-78.19	-8.19
-41.49	-61.02	-6.28
43.96	-61.9	-11.65
-24.11	-82.12	22.05
37.87	-81.75	21.31
-20.78	-81.87	38.72
40.91	-77.9	2
12.07	-86.79	-.27
-46.65	0.16	42.18
-3.85	10.96	54.16
5.78	13.31	56.09
-19.72	-72.09	41.24
28.33	-65.63	37.91
43.96	-61.9	-11.65
-24.11	-82.12	22.05
37.87	-81.75	21.31
-20.78	-81.87	38.72
40.91	-77.9	2
12.07	-86.79	-.27
-41.59	36.81	20.09
-49	25.47	25.58
-54.51	21.53	2.56
-52.94	-34.86	44.07
-49.99	-63.81	-.37
57.78	-47.28	-16.38
-45.85	-51.95	-12.57
55.63	-48.43	-17.37
-52.23	-49.54	-8.24
53.63	-50.42	-1.57
-41.59	36.81	20.09
-49	25.47	25.58
-54.51	21.53	2.56
-52.94	-34.86	44.07
-49.99	-63.81	-.37
57.78	-47.28	-16.38
-45.85	-51.95	-12.57
55.63	-48.43	-17.37
-49	25.47	25.58
-49.99	-63.81	-.37

// Postle B R, 2007: Location Memory, Rest vs. Rest
// Postle B R, 2007: Object Memory, Rest vs. Rest
// Subjects=12
29	14	48
-20	-28	36
13	-29	30
13	36	22
-9	-17	11
-22	-57	3
42	-52	-4
39	-49	-8
-43	-49	-8
-44	-44	-36
-36	10	42
-5	-3	38
47	-7	38
-38	-10	38
31	-48	34
-9	1	26
13	18	26
42	6	26
23	-23	26
-31	-23	23
-47	11	24
38	22	23
54	14	19
-43	27	15
43	34	12
16	14	12
38	-3	7
-58	-26	1
-36	6	-4
46	24	-4
-9	-61	-8
-3	-7	-11
13	7	-12
-31	18	-12
-21	-56	-21
-43	-28	-21
42	14	-21
31	-11	-24
4	-21	-26
38	-26	-31

// Subjects=0

// Koppelstaetter F, 2008: 2 Back - 0 Back, Placebo
// Subjects=15
-2.8	24.74	37.84
-42.07	37.11	11.51
-28.57	12.72	48.43
-28.35	-57.89	50.93
-50.03	-33.3	51.11
-6.71	-57.51	53.89
-15.8	-97	10.88
-33.61	-68.16	-24.16
5.84	24.77	37.69
52.96	32.77	5.84
31.89	8.26	43.36
27.77	-58.11	45.51
53.61	-37.92	41.95
23.56	-61.65	53.78
23.1	-96.86	10.21
31.11	-69.83	-34.07

// Sanchez-Carrion R, 2008: Healthy Controls
// Subjects=14
24	4	62
-4	6	60
-52	12	26
-34	24	2
-36	44	24
-40	50	8
34	22	4
-42	-46	46
-22	-66	42
-32	-56	48
40	-54	52
44	-46	44
16	-68	56
8	-76	-26
32	-56	-38
-34	-56	-38
-52	10	24
-30	-2	46
-32	-2	56
24	2	62
4	20	44
-34	26	6
42	32	34
40	46	20
52	10	30
-42	50	10
-34	42	20
34	22	4
-20	-68	40
-38	-48	44
44	-46	46
34	-74	36
14	-82	-26
38	-66	-32

// Drapier D, 2008: Healthy Relatives
// Subjects=20
-37.3	34.89	22.43
47.07	34.88	14.77
-21.82	-66.22	48.57
-41.86	47.27	-9.78
8.66	-5.42	6.32
-13.77	6.59	12.27
1.45	12.68	48.38
-34.37	60.51	-4.29
-33.69	-46.63	41.49
44.32	-46.16	40.56
-30.06	60.97	1.2
47.07	34.88	14.77

// Drapier D, 2008: Healthy Controls
// Subjects=20
-41.57	9.6	12.33
-29.32	-49.98	52.87
47.12	35.39	21.42
44.36	-45.73	46.1
-33.63	-50.43	47.39
47.11	38.57	21.15
-33.16	21.4	-1.02
1.42	21.14	47.67
-33.38	55.35	-16.13
-37.44	48.75	9
39.4	24.06	-14.34
-33.63	-50.43	47.39
-37.38	-68.16	-30.26
-29.95	21.42	-1.06
5.63	23.83	40.71
47.14	31.16	21.77
-33.17	48.77	8.95

// Beneventi H, 2007: N-back Main Effect
// Subjects=12
-44	-55	-11
24	-52	43
0	21	43
-28	-56	51
40	40	20
28	24	0
28	7	55
-8	-79	-20
-44	6	44
-32	23	-1
40	-67	-17
-40	36	17
-44	9	25
4	11	62
48	-59	-7
-8	3	62
-32	-83	-16
4	-79	-16
-36	-75	-16
44	-55	-14
-40	39	9
-20	-86	-13
28	-92	4
-28	6	44

// Frangou S, 2008: Healthy Controls
// Subjects=7
-52	6	40
-28	-66	56
-30	-66	44
-54	-46	12
-14	-4	16
4	18	54
52	12	40
48	38	24
38	-62	52
42	-50	38
8	-2	12

// Malisza K L, 2005: Healthy Children
// Subjects=14
20	68	20
-22	-6	64
-40	-14	12

// Malisza K L, 2005: Healthy Adults
// Subjects=9
-22	18	58
54	-44	52
20	-72	48
-4	-32	44
12	8	62
-4	2	64
-40	48	22
26	0	44
-36	54	-18
54	42	10
48	4	36
-38	-52	52
-54	-54	42

// Shamosh N A, 2008: 3-Back vs. Fixation, Activations
// Shamosh N A, 2008: 3-Back Correlated with Accuracy
// Shamosh N A, 2008: 3-Back Correlated with Intelligence
// Subjects=103
10	-70	54
-22	61	8
10	-70	54
-22	61	8
10	-70	54

// Lim H K, 2008: Elderly Normals
// Subjects=12
-2.47	-75.65	43.28
60.84	20.94	28.16
-41.26	-20.32	63.12
-37.33	-29.81	30.38
14.96	-8.87	67.75

// Subjects=0

// Subjects=0

// Schmidt H, 2009: Males
// Subjects=25
26	12	54
-6	22	46
42	36	32
32	64	8
-34	22	-4
14	-68	52
-28	0	58
-48	-48	50

// Schmidt H, 2009: Females
// Subjects=21
34	4	56
-4	14	54
54	22	30
-56	20	32
-41	32	-8
44	-54	58

// Forn C, 2007: Healthy Controls
// Subjects=10
40.71	43.01	24.2
42.91	25.05	25.68
31.89	47.88	-8.45
5.73	13.94	50.46
-39.38	28.79	26.31
-24.79	61.37	-7.81
-41.37	6.2	37.15
32.66	-57.35	48.32
-27.19	-56.65	48.95
-35.73	-57.76	49.14

// Haberecht M F, 2001: Healthy Controls
// Subjects=14
18	6	58
42	8	40
-34	52	-26
36	0	42
42	-64	56

// Subjects=0

// Kasahara M, 2011: Healthy Controls
// Subjects=9
-54	-36	-26
-44	-52	54
-20	-10	46
10	-56	-30
-10	-54	-32
-20	-56	-38
44	30	30
52	30	34
44	44	28

// McAllister T W, 1999: Healthy Controls
// Subjects=11
-36	-60	40
50	-50	50
-46	8	20
36	16	54
8	14	0

// Perlstein W M, 2004: Healthy Controls
// Subjects=7
46.31	-4.82	38.18
-34.98	15.84	37.38
56.87	1.61	24.14
-35.17	35.87	21.21
-55.33	-1.17	25.66
-36.18	18.86	21.53
41.8	18.01	17.36
-26.88	57.39	-4.11

// Subjects=0

// Chen S H A, 2005: Activations Found in Working Memory but not Motoric 
// Rehearsal, High Load > Low Load
// Subjects=17
-41.91	21	-12.67
-32.41	-45.67	48.67
-41.13	-34.81	36.76
-4.98	27.1	28.79
45.68	19.73	-25.36
41.41	24.69	-20.28
38.18	-37.47	44.08
39.53	36.48	3.79
32.99	49.56	-6.35
46.21	15.04	15.21
26.42	-79.94	-47.78

// Fernandez-Corcuera P, 2013: Healthy Controls
// Subjects=41
-42	14	28
46	-44	44

// Garrett A, 2011: Healthy Controls
// Subjects=19
62.67	37.06	5.25
60.54	37.26	7.5
40.58	15.19	48.13
-43.58	-42.3	46.29
-43.65	-40.59	41.64
57.01	-31.24	55.8
47.33	-54.98	54.96
55.9	-27.09	54.29
-30.67	21.95	55.4
-60.2	22.44	27.84
-32.88	21.52	50.99
-60.21	22.33	26.73

// Lee T W, 2013: Healthy Controls
// Subjects=14
16.46	6.77	53.17
-23.05	4.59	56.03
37.8	-2.25	44.76
36.46	46.59	29.52
-42.32	4.13	51.83
-32.66	13.42	60.98
-38.58	49.11	0.06
63.29	13.8	29.73
-39.71	50.71	-6.75
50.42	11.09	23.42
-45.81	13.26	18.77
49.52	1.88	42.04
-48.94	4.15	25.14
-34.8	-5.34	52.54
14.34	6.93	55.41
-6.09	21.9	44.35
8.82	24.82	39.47
5.73	5.13	46.74
-1.81	9.95	40.84
9.91	21.74	40.83
-7.14	13.35	43.96
29.41	-55.6	43.75
-22.93	-67.8	42.03
38.99	-63.63	35.39
-36.79	-54.34	52.21
35.52	-56.53	3.61
-35.82	-49.9	40.68
8.13	-70.19	49.68
-7.88	-67.82	54.13
52.45	-36.13	-9.45
-44.68	-55.32	-1.15
-68.33	-21.8	-5.92
52.46	-51.45	-14.85
-48.88	-68.84	3.38
25.92	-60.73	5.19
-14.64	-69.26	8.6
46.02	-46.29	-16.33
-43.64	-62.17	-7.27
-28.39	-72.29	25.74
54.69	-65.81	-8.1
3.72	-95.7	22.87
-34.95	-77.21	3.92
2.45	-96.71	-3.79
1.34	-92.74	-7.46
34.13	21.46	-6.26
27.78	20.96	1.66
24.68	-8.67	4.18
-17.04	-8.37	-2.05
17.26	0.69	15.75
-14.82	-.82	12.9
19.39	-13.64	9.12
-14.85	-8.82	5.76
9.56	-30.19	-25.07
-13.92	-22.41	-18.76
10.71	-18.41	-10.45
-8.51	-20.55	-8.94
7.46	-60.58	-32.53
-38.49	-58.74	-32.16

// Subjects=0

// Subjects=0

// Subjects=0

// Subjects=0

// Subjects=0

// Subjects=0

// Subjects=0

// Subjects=0

// Subjects=0

// Seo J, 2012: Healthy Controls
// Subjects=22
-42	9	30
30	9	57
-33	24	-6
33	26	-6
-6	24	45
9	27	45
-3	15	54
6	18	54
-15	3	0
15	3	0
-12	9	0
15	9	6
-54	-51	-15
-27	-66	45
39	-66	51
-39	-60	48
42	-45	42
-9	-78	-34
35	-63	-39

// Bertolino A, 2010: Healthy Controls
// Subjects=37
-29	13	54
-51	15	19
40	40	15

// Blasi G, 2015: Subgroup of healthy controls, performing working memory task
// Subjects=322
44	14	16
-56	36	14

// Ellis K A, 2007: Task Activation (1- and 2-Back, Balanced Drink)
// Ellis K A, 2007: Memory Load (2-Back - 1-Back, Balanced Drink)
// Subjects=10
50	34	26
52	16	32
-34	2	54
-32	-56	44
42	-62	54
12	20	44
14	-92	18
-44	50	-10
-36	56	12
-32	6	52
-36	-64	44
40	-76	44
56	28	26

// Subjects=0

// Subjects=0

// Wesley M J, 2017: Healthy Controls
// Subjects=11
-23.92	-62.47	59.15
49.45	-29.03	56.83
-52.49	4.9	35.04
-3.42	-46.24	59.44
44.51	38.55	22.22
-2.99	58.36	30.03
21.22	25.63	57.51
29.96	-57.9	47.7
-32.66	-79.7	47.56
-53.15	-42.26	58.77

// Wesley M J, 2017: Heavy Drinkers who were Alcohol Non-Dependent (A-ND)
// Subjects=11
-39.26	10.22	56.7
42.86	-37.54	46.58
-2.8	26.97	38.74
38.57	13.03	59.58
-32.68	-60.14	50.11
-48.31	11.53	25.35
3.69	43.47	42.6
-44.37	50.3	3.52
-39.06	-57.2	58.89
37.69	19.56	-8.28
47.24	-44.76	49.46
-42.35	23.02	-12.87
1.96	-68.21	53.68
37.67	54.43	-2.77
27.8	15.43	62.89
55.3	30.83	19.44

// Subjects=0

// Vilberg K L, 2009: Familiarity > Recollection
// Subjects=20
-6	33	39
-36	51	9
-48	27	33
-54	9	36
-39	21	-12
-27	-3	60
-33	15	0
12	12	0
-12	3	12
-15	3	-3
9	0	9
0	-18	27
48	-30	42
-48	-48	51
45	-48	51
42	-72	45
12	-66	33
-3	-81	42
36	-63	-36

// Peth J, 2015: Guilty Action
// Subjects=20
-52	32	-4
-36	24	-2
-44	18	24
34	26	-4
42	8	34
4	24	52
-62	-50	32
66	-40	34
48	18	28
52	-46	32

// Subjects=0

// Ragland J D, 2004: Comparisons
// Subjects=15
-50.05	22.29	25.86
-58.33	-32.06	39.44
52.98	-33.91	60.62
-15.36	-64.61	55.06
23.16	-59.47	63.1

