// Reference=MNI
// Arrington C M, 2000: Object- > Location-based Cueing
// Arrington C M, 2000: Invalid > Valid Cueing
// Subjects=12
-30.5	-32.52	44.73
-41.13	-23.18	56.34
-65	-34.75	5.17
-46.01	-27.35	-24.66
-15.92	-34.17	-5.48
-15.86	42.22	32.72
1.91	44.9	-16.78
-32.19	40.18	-5.95
7.9	-74.7	18.83
-10.31	-70.92	14.27
17.29	-72.64	-10.44
13.03	-52.69	0.2
-12.65	-49.93	-3.08
-22.3	-29.47	0.89
12.7	-53.92	-43.18
51.76	-61.86	29.52
50.3	-28.66	-8.93
12.86	53.16	20.32
2.53	21.66	54.31
48.37	16.34	36.38
45.86	24.61	-7.77

// Bush G, 1998: Interference - Neutral
// Subjects=9
47.2	32.91	30.55
-47.94	22.05	22.51
14.15	13.67	32.54
-58.6	-.82	16.75
-41.34	-2.26	37.86
47.17	-49.83	-7.12
-28.25	-65.37	46.35

// Koski L, 1999: Informative vs Neutral, Increases
// Koski L, 1999: Informative vs Neutral, Decreases
// Subjects=10
-20	-11	12
9	-71	5
-10	-62	5

// Rosen A C, 1999: Endogenous > Rest
// Rosen A C, 1999: Exogenous > Rest
// Rosen A C, 1999: Control > Rest
// Rosen A C, 1999: Rest > Endogenous
// Rosen A C, 1999: Rest > Exogenous
// Rosen A C, 1999: Rest > Control
// Subjects=13
-40.09	-15.78	55.71
48.45	5.13	42.9
-3.83	6.73	54.52
5.8	9.16	57.55
-49.9	-70.53	9.11
56.95	-52.46	13.06
34.76	-44.48	49.45
40.59	42.87	8.6
-36.31	-59.35	-26.55
27.8	-49.11	-23.69
-22.32	-5.52	7.8
24.65	0.85	3.38
-12.74	-73.93	-24.49
6.57	-71.99	-14.83
-39.01	-13.48	57.73
49.5	4.97	40.67
-3.84	5.51	52.39
5.79	9.08	56.44
-46.69	-71.57	9.16
52.69	-64.37	10.76
62.31	-35.79	21.64
-32.5	-51.94	55.31
-17.45	-63.05	61.64
28.35	-45.66	48.5
-34.19	-56.26	-27.95
24.6	-49.13	-23.65
-12.82	-18.72	-12.39
-35.78	-15.41	60.09
-3.83	3.48	53.68
4.73	6.96	56.63
-46.67	-68.14	12.22
52.7	-65.43	10.85
63.38	-35.79	21.62
-35.28	-55.29	-29.14
18.19	-46.88	-21.53
5.89	-70.17	36.32
10.34	-29.88	75.27
-.7	-90.67	5.77
4.67	-88.18	9.96
-4.95	-56.46	21.91
-57.57	-8.9	8.49
-.53	-74.69	33.43
5.86	-73.68	32.15
-.66	-88.04	12.24
6.01	-78.74	49.31
-1.54	-77.36	40.35
5.93	-77.4	39.16
11.43	-40.62	73.93
4.65	-88.35	7.75

// Rushworth M F, 2001: Response Switch Right vs. Left
// Rushworth M F, 2001: Visual Switch Color vs. Shape
// Rushworth M F, 2001: Response Switch minus Visual Switch
// Rushworth M F, 2001: Visual Switch minus Response Switch
// Subjects=20
-33	-72	38
-23	-71	50
-33	-60	54
17	-64	52
-29	-69	55
10	-73	55
-11	-63	51
-6	-71	48
-4	-77	44
3	-61	52
9	-57	48
-48	-41	48
-53	-34	43
-38	-44	39
50	-35	30
29	-40	45
15	-66	34
29	-69	33
-34	-59	37
-33	-54	46
-19	-72	42
16	-66	48
-23	-70	49
-10	-62	50
-45	-34	38
-17	-78	53
-26	-79	47
-29	-75	46
-53	-38	25
-26	-66	33
-29	-48	44
-30	-45	54

// Sturm W, 1999: Alertness - Control
// Subjects=15
8	30	32
36	36	32
30	46	4
54	-52	24
60	-28	-12
-24	36	0
18	-18	20
12	-22	8
46	4	-12
1	-30	-12

// Nobre A C, 2000: Areas Uniquely Identified by Attention
// Subjects=4
33	24	51
18	-54	-21
33	-66	-21
-12	-78	-21
-36	-84	-18
-36	-90	-6

// Simon O, 2002: Attention vs. Attention Control
// Simon O, 2002: Attention Only
// Subjects=10
4	4	60
-36	44	32
-28	-8	64
24	64	28
40	16	36
48	36	0
44	-40	52
24	-64	60
-36	-60	60
56	-44	32
-4	-60	48
8	-64	52
-4	-52	52

// Bunge S A, 2002: Incongruent vs. Neutral
// Subjects=10
-34	8	38
42	32	26
52	20	22
34	24	38
34	44	40
-14	18	52
14	22	48
-34	-60	34
-34	-40	54
40	-44	56
-52	-18	46
56	-22	44
50	-26	44
-16	-36	70
-22	-28	66
-18	-4	64
-12	-18	58
26	8	66
-4	-22	58
10	32	22
10	18	38
-8	12	38
-10	-34	36
16	-34	34
-16	-24	12
20	-18	10
46	-40	18

// Corbetta M, 1991: Passive - Fixation
// Subjects=9
-8.14	-88.08	12.33
40.84	-81.93	-8.82
41.14	-27.18	52.38

// Gitelman D R, 2002: Explore - Saccade
// Subjects=17
30	6	60
39	27	-9
-39	-24	-12
30	-60	45
18	-69	57
-12	-75	51
-18	-66	45
36	-78	21
-24	-99	15
30	-87	18
33	-78	-6
-24	-69	-12
12	-84	-15
-15	-84	-15
21	-93	6
-24	-93	15
-12	-99	3
0	-90	-9
42	-63	-9
-3	-27	-6
6	-21	9
-3	-24	3

// Schreurs B G, 1997: Increases in rCBF During Classical Conditioning
// Schreurs B G, 1997: Decreases in rCBF During Classical Conditioning
// Schreurs B G, 1997: Relative Increases in rCBF during Unpaired Extinction
// Schreurs B G, 1997: Relative Decreases in rCBF during Unpaired Extinction
// Subjects=10
33.74	-44.39	8.2
-33.07	-89.3	13.78
61.68	-6.01	3.92
26.52	13.53	-37.75
46.32	-77.87	-29.05
-16.34	-78.09	-27.96
-44.67	-16.5	-33.57
-44.63	34.09	-20.65
18.21	-73.71	-28.98
-35.4	-88.43	0.28
52.95	-11.12	-4.39
55.14	-4.32	-.62

// Sohn M H, 2000: Foreknowlege Effects
// Sohn M H, 2000: Transition Effects
// Subjects=12
-56.09	-28.82	53.64
-36.85	-49.48	46.23
-41.27	-12.58	42.07
9.75	5.76	13.18
25.76	-1.97	8.07
57.66	30.57	-.6
57.76	-1.32	-.16
7.88	-18.89	38.69
20.87	-59.96	43.1
29.13	29.34	41.09
-37.93	-72.63	35.92
16.43	-51.76	25.73
20.72	-70.31	19.43

// Dassonville P, 2001: Spatial/CCW - Spatial/Direct
// Dassonville P, 2001: Symbolic/Direct - Spatial/Direct
// Dassonville P, 2001: Symbolic/CCW - Spatial/Direct
// Subjects=8
-37.12	4.82	32.76
-11.1	-71.36	50
-32.6	-51.91	41.92
-32.55	-70.06	41.21
-4.71	-70.35	48.72
28.23	0.41	52.45
42.98	3.82	26.34
19.86	-72.49	46.39
33.69	-61.03	41.93
12.38	-69.27	47.32
7.81	21.01	45.38
28.34	-77.61	34.46
41.11	-81.39	25.7
33.39	-88.32	-8.2
-39.28	4.55	29.46
-15.38	-68.13	50.89
-29.4	-55.23	39.93
-6.85	-68.25	48.57
-23	-77.29	29.44
-27.49	-87.2	-2.02
-43.73	9.33	9.03
20.92	-78.11	42.39
32.62	-59.89	42.96
5.72	15.97	49.17
38.79	-92	-1.26
-23.07	3.27	52.8
-37.12	3.76	32.84
-42.59	6.85	18.15
-12.19	-71.54	47.79
-27.23	-62.54	41.64
-1.51	-67.16	48.42
-1.77	15.83	48.15
-40.44	26.67	26.5
-25.11	-79.24	31.86
-28.48	-83.09	9.92
-29.63	-86.15	-2.08
-36.16	-68.82	-11.26
-45.86	10.46	10.08
-30.98	20.78	4.58
31.42	1.32	50.11
45.13	8.32	29.29
21.99	-71.5	45.17
34.73	-59.08	39.52
13.43	-70.58	44.07
7.81	17.66	43.43
42.94	30.77	30.78
34.31	38.66	23.52
47.14	26.76	19.91
41.7	40.05	13.28
31.52	-77.85	31.09
35.71	-83.08	18.1
35.67	-93.37	8.93
28	-81.12	-10.97
52.43	9.82	6.77
35.26	19.86	0.55

// Steel C, 2001: Stroop Interference vs. Control
// Steel C, 2001: Stroop Facilitation vs. Control
// Subjects=7
7.43	52.19	8.2
-2.06	41.44	21.48
13.88	40.6	9.1
4.19	46.37	2.03
11.06	-61.99	17.73
-1.9	12.26	29.5
-8.34	18.57	29.04
14.2	-57.2	10.6
1.38	-71.45	6.37
-23.26	-66.82	-.43
1.07	49.41	14.08
-8.38	42.35	33.74
-39.59	12.39	-6.88
38.51	13.79	4.37
-29.95	21.42	-1.06
-23.51	25.05	4.14
-26.77	27.78	-1.63
14.3	-58.37	22.97
19.74	-60.57	35.36
-7.95	-59.79	47.88
-1.96	-72.93	-12.43
-26.11	-35.7	58.33
28.73	30.77	-9.21
-51.24	10.08	5.71
-26.62	-37.66	-8.41
13.97	-32.13	-9.34
38.51	13.79	4.37
53.84	-33.93	32.73
42.2	-27.26	51.26
-54.03	-37.23	40.94
-1.95	23.9	28.52
10.77	41.52	21.32
-1.88	31.18	40.18
-1.75	-28.98	32.95
11	-7.75	31.03
14.2	-57.2	10.6
10.96	40.23	45.96
11.06	25.86	52.74
4.64	16.93	47.99
-16.72	23.58	53.25
-11.22	-54.95	41.93
16.7	-53.42	59.33
1.58	-60.68	35.57
7.94	-49.01	34.52
1.42	-80.97	7.17
38.57	36.4	21.43
43.83	44.38	14.01
-39.24	19.33	41.6
32.44	23.87	52.66
-1.54	-35.55	58.04
4.81	-29.6	51.89
1.45	-77.37	12.44
50.25	17.04	3.96
50.52	7.72	34.85
41.92	10.41	29.15
25.65	-14.09	-10.99
-5.25	-1.27	6.14
10.91	39.72	39.31

// Carter C S, 1995: Incongruent - Neutral
// Carter C S, 1995: Neutral - Incongruent
// Carter C S, 1995: Congruent - Neutral
// Carter C S, 1995: Neutral - Congruent
// Carter C S, 1995: Incongruent - Congruent
// Carter C S, 1995: Congruent - Incongruent
// Subjects=15
-21.97	-11.78	50.7
-7.33	26.78	25
13.89	49.48	13.93
-52.3	5.76	4.97
44.03	-18.35	14.81
48.6	-32.85	47.2
-39.33	-80.47	-10.25
-45.59	-74.56	11.63
-2.76	-79.96	20.51
7.77	-9.08	27.83
7.39	46.3	0.89
-9.49	-10.9	5.88
-22.19	-53.62	5.14
-48	-.56	5.45
-13.74	26.74	25.07
-39.37	-78.69	-14.86
-20	-94.81	-4.81
41.56	35.25	-7.5
-19.77	-83.61	29.94
12.13	13.8	48.17
-38.96	-50.29	49.67
23.06	-69.3	46.09
22.46	54.11	17.9
-13.5	-100.43	4.51
-24.21	-48.03	22.54
31.31	-37.12	20.99
-49.88	-70.36	11.33
11.88	-10.77	5.62

// Derbyshire S W G, 1998: Stroop vs. Stroop Control
// Subjects=6
-.78	19.39	38.92
1.47	7.39	48.82

// MacDonald III A W, 2000: Color > Word
// MacDonald III A W, 2000: Color, Incongruent > Color, Congruent
// Subjects=12
-42.57	22.34	25.77
5.7	5.93	43.32
55.94	2.01	43.08
64.27	-7.91	10.36
3.6	-66.18	19.28
-.88	-14.56	12.78

// Pardo J V, 1990: Incongruent - Congruent
// Subjects=8
9.87	10.31	30.64
6.67	7.11	30.95
15.17	16.51	27.83
-23.45	-12.73	-2.73
-20.96	-24.43	38.37
-35.85	-32.64	43.69
-12.43	-104.83	2.64
-21	-9.46	39.34
-10.62	35.76	17.59
-3.83	2.33	52.66
-63.92	-24.8	9.9
-12.41	-102.37	6.89
18.6	-94.27	12.55

// Ruff C C, 2001: Repeated Color Naming, Incongruent vs. Neutral
// Ruff C C, 2001: Switching Color Naming, Incongruent vs. Neutral
// Ruff C C, 2001: Repeated Word Reading, Incongruent vs. Neutral
// Ruff C C, 2001: Switching Word Reading, Incongruent vs. Neutral
// Subjects=12
-8	16	52
-40	0	56
32	0	64
-56	12	36
36	4	32
-36	-4	40
-44	-44	36
-48	-56	48
-44	-60	-20
36	-72	-36
-4	4	60
8	16	60
-48	44	-8
-40	0	56
-56	12	32
-8	16	48
12	-84	-40
-52	8	36
48	4	24
-36	-24	52
-36	-44	40
-28	-96	0
24	-84	-12
-40	-60	-24
-4	-20	56
48	28	20
-52	24	24
-48	32	8
-36	-28	68
-24	-36	68
-32	-24	48
-40	-52	48
-36	-92	-12
24	-88	-16
-24	-100	-12
28	-72	-12
20	-100	0
-8	-56	-32
16	-44	-32
28	-56	-36

// Banich M T, 2000: Normals Group 1
// Subjects=14
7.75	23.67	38.47
43.93	26.74	19.95
-35.14	26.27	20.9
-47.89	9.45	24.69
48.27	14.25	23.18
-21.86	-69.91	42.19
5.63	32.63	44.43
-43.65	33.25	29.33
-41.39	14.74	37.55
-8.85	-78.86	62.87
-43.24	-39.4	53.26
33.88	-69.98	63.86
-48.13	15.68	-4.83
-54.11	-58.95	21.57

// Banich M T, 2000: Normals Group 2
// Subjects=16
5.69	22.22	47.53
-39.25	17.04	39.56
37.78	16.24	49.9
-4.67	-60.15	56.79
3.97	-56.95	69.81
-25.96	-57.13	70.16
-41.06	-49.96	54.12
-41.52	-56.87	-7.74
-39.27	-73.26	0.3
-43.49	-83.69	3.45
-15.65	-91.81	6.04
22.89	-88.61	16.48
-24.14	-86.78	16.87
-26.22	-77.48	27.27
40.05	-72.51	30.55
-15.44	-63.18	46.02

// Peterson B S, 2002: Simon Incongruent vs. Congruent
// Peterson B S, 2002: Stroop Incongruent vs. Congruent
// Subjects=10
31	0	45
-32	-3	43
29	-75	10
-28	-77	9
11	17	21
-10	13	24
43	-49	-10
-46	-52	-10
45	-38	32
-45	-37	31
44	8	13
-44	5	14
40	32	9
-39	34	9
32	0	43
-35	0	43
23	-79	10
-26	-78	8
11	17	22
-10	15	24
44	-50	-10
-46	-51	-10
46	-37	29
-46	-35	28
44	8	13
-45	7	14
41	31	8
-41	30	8

// Bench C J, 1993: Normals Group 1
// Subjects=6
35.37	34.78	-17.59
35.44	30.94	-12.73
35.5	29.23	-8.08
5.65	-.7	17.8
-19.69	-64.24	51.41
23.59	-65.8	55.31
-32.66	-62.16	51.43
42.94	-40.21	52.45
12.19	-.27	22.13
-33.32	51.04	22.31

// Bench C J, 1993: Normals Group 2
// Subjects=6
20.38	44.48	-4.85
22.58	47.03	-.66
24.8	47.46	3.74
29.19	45.76	8.32
33.55	50.45	12.26
12.36	-42.81	26.33

// Marois R, 2000: High Interference vs. Low Interference
// Subjects=10
32.71	-56.75	56.08
34.8	-63.85	46.61
-34.64	-48.69	56.17
51.53	13.73	29.88
55.89	12.41	39.97
3.47	26.9	39.36
5.54	24.03	29.54
-58.37	-52.21	26.63

// Shaywitz B A, 2001: Select - Simple, Activations
// Shaywitz B A, 2001: Select - Simple, Deactivations
// Shaywitz B A, 2001: Divide - Select, Activations
// Shaywitz B A, 2001: Divide - Select, Deactivations
// Shaywitz B A, 2001: Complex Divide - Select, Activations
// Shaywitz B A, 2001: Complex Divide - Select, Deactivations
// Shaywitz B A, 2001: Complex Divide - Divide, Activations
// Shaywitz B A, 2001: Complex Divide - Divide, Deactivations
// Subjects=25
-27.35	3.16	51.74
-35.72	-44.47	55.83
-34.72	-47.35	46.03
47.32	17.64	39.63
-49.77	-43.98	35.88
-43.6	20.56	30.4
53.62	27.49	28.7
-44.75	20.84	20.35
35.42	14.97	19.92
-35.23	48.39	17.93
-58.52	-31.83	14.89
-50.29	33.01	-.68
-56.48	-26.24	4.36
63.17	-18.12	2.3
14.29	-91.38	9.01
-56.57	-26.04	-6.81
60.96	-21.11	-8.57
-5.11	-69.09	-3.79
0.46	-5.13	52.12
-52.93	-16.02	53.64
27.21	-14.49	52.59
-15.82	40.53	38.44
3.58	-2.71	41.84
-56.2	-17.87	43.8
52.78	-12.99	42.14
51.65	-16.94	32.45
1.04	63.41	16.25
48.38	-21.96	22.87
12.71	64.82	5.96
-33.01	5.33	11.48
-.15	54.46	-3.06
8.33	49.43	-13.88
23.11	-61.04	56.55
-31.54	-39.93	45.37
34.77	-55.39	45.9
-30.56	-38.58	35.21
33.63	-58.29	36.12
-53.21	-43.14	5.74
25.43	49.53	-14.09
-52.22	-45.05	-5.27
-3.75	-22.07	53.59
15.27	36.2	48.48
0.43	-17.53	43.12
8.72	51.25	37.26
1.15	54.66	27.02
0.01	52.83	17.15
23.92	-95.55	9.25
-40.34	-79.87	-2.48
-41.04	-50.85	56.43
41.23	-48.24	55.26
-35.79	-46.3	45.95
36.89	-52.21	45.61
35.61	5.94	40.75
-4.04	36.37	38.65
37.92	-61.43	36.34
-45.73	17.37	30.69
44.02	22.14	29.26
2.63	-55.3	36.23
-46.89	20.83	20.37
44.98	29.84	18.56
34.22	50.92	16.92
56	-58.92	25.88
27.69	60.68	6.14
43.82	34.35	8.16
-25.84	65.94	-3.72
31.88	62.05	-4.06
37.17	54.89	-14.67
-32.61	-19.07	53.67
0.52	-20.99	53.45
2.55	-13.29	42.74
-41.26	-13.55	43.27
46.39	-19.37	42.75
-35.98	-16.41	33.41
45.24	-18.03	32.61
17.72	-90.1	38.97
-33.92	-16.11	23.32
36.6	-13.57	22.3
-2.33	44.07	-13.31
53.65	-66.62	-4.67
-8.32	-69.11	-3.75
12.08	31.95	48.87
2.35	39.58	38.31
2.25	46.21	27.72
-.58	-52.15	36
36.43	29.78	18.67
59.2	-56.79	25.66
-26.8	58.24	6.97
33.16	27.94	8.82
-24.74	59.6	-3.21
15.82	70.42	-4.58
-29.58	-76.84	8.29
61.01	-32.74	-7.6
9	-.85	51.66
-30.51	-9.54	52.84
7.83	4.72	41.17
-31.7	-18.49	33.53
46.29	-12.74	32.16
-34.99	-18.23	23.51
44.08	-13.52	22.21
55.72	-5.77	11.39
-38.24	-26.42	14.2
48.3	-65.6	-4.7

// Blaxton T A, 1996: Delay Conditioning > Pseudo-conditioning
// Blaxton T A, 1996: Weighted Conditioning Activations
// Blaxton T A, 1996: Pseudo-conditioning > Delay Conditioning
// Blaxton T A, 1996: Weighted Conditioning Deactivations
// Subjects=7
-18.1	41.18	19.45
-24.8	62.34	-9.01
-24.88	28.57	-32.94
35.06	58.47	-9.37
26.53	62.99	-5.19
15.77	64.36	-14.11
13.56	56.97	-26.84
9.36	44.6	-21.3
48.08	23.28	2.35
35.06	21.15	-24.09
7.39	37.5	-2.84
-3.18	5.71	-0.05
-9.52	-13.36	1.62
18.27	-32.91	-5.98
-11.44	-79.27	2.71
-.79	-70.75	1.87
16.03	-23.03	-15.7
-29.02	-42.62	-44.77
-16.03	-42.94	-22.59
18.15	-36.39	-23.53
20.35	-64.22	-25.68
33.2	-61.68	-21.58
50.15	13.81	-10.26
-5.4	9.25	-9.24
-3.17	3.6	0.13
-13.75	-34.87	-.99
-24.39	-36.71	3.75
-33.07	-40.25	-13.7
-22.16	-99.4	-8.86
3.13	-41.4	-31.86
-28.89	-58.85	-34.49
-31.01	-82.81	-41.37
-50.14	-20.29	-1.79
-48.09	-3.7	-7.67
-52.06	-68.6	6.74
41.56	-2.07	-22.21
56.96	-65.49	9.69
22.15	9.13	-40.77
39.55	-16.21	-12.08
43.92	-32.76	-6.29
48.16	-70.39	-25.48
-22.4	47.49	18.97
-5.59	51.2	-17.22
-29.06	40.49	-16.05
-29.07	33.8	-19.95

// Abel K M, 2003: Neutral Faces vs. Fixation, Placebo
// Subjects=8
35.49	-72.19	-6.23
13.14	-85.64	0.73
46.97	0.84	-12.48
-44.97	10.87	-12.27
5.82	-77.46	24.67
43.86	-48.76	-20.56
35.78	-62.59	35.34
47.28	-46.43	9.32
-41.85	-5.37	-29.9
-48.84	4.04	37.42
35.09	10.41	-25.42
-37.61	17.37	-25.17
47.27	8.33	29.26
-37.19	7.39	24.73
12.57	41.36	-22.18
-21.15	28.52	35.05
47.48	-34.51	39.54
-41.11	-36.21	52.97
47.03	9.19	-.92
-37.37	15.46	5.1
-3.08	-19.66	2.08
39.61	-71.5	-25.29
-37.23	-71.02	-12.18

// Brown G G, 1999: Incongruent - Non-lexical
// Brown G G, 1999: Incongruent - Neutral
// Subjects=8
8.76	28.53	32.47
-1.89	17.89	33.49
-42.7	17.71	7.2
24.05	-62.4	38.81
8.76	28.53	32.47
-1.89	17.89	33.49
-42.7	17.71	7.2
24.05	-62.4	38.81

// Carter C S, 2000: Interaction between expectancy, stimulus type, and scan
// Subjects=12
1.36	20.54	39.92
-49.02	62.62	38.08

// Fan J, 2003: Flanker Incongruent - Congruent
// Fan J, 2003: Stroop Incongruent - Congruent
// Fan J, 2003: Spatial Incongruent - Congruent
// Fan J, 2003: Conjunction Analysis Incongruent - Congruent
// Subjects=12
22	-38	68
-34	54	10
26	-64	6
-32	-16	54
62	-28	28
-8	28	24
-16	-58	0
-60	-16	30
-2	16	52
54	-54	-6
-36	-34	10
-40	-70	2
20	56	12
12	-46	54
-50	36	-8
-50	-40	48
-4	-58	50
-26	56	-2
64	-32	36
42	-22	2
50	-46	32
-38	28	14
-42	-24	0
-14	-80	34
40	20	44
4	-84	-6
42	-4	-18
-4	38	30
-38	-52	28
40	-16	-24
-16	32	-4
56	0	2
-42	2	-8
-50	-18	14
-12	64	12
62	-16	-12
-2	-72	40
-36	30	28
-6	46	12
50	6	0
66	-22	30
-60	-40	24
14	60	20
-4	-78	24
42	-18	-18
-30	54	-4
56	-50	-12
40	24	20
-30	34	32
-6	38	18
-36	-12	-24
50	14	32
30	38	30

// Leung H C, 2000: Stroop Positive
// Leung H C, 2000: Stroop Negative
// Leung H C, 2000: Inverse Stroop Positive
// Leung H C, 2000: Inverse Stroop Negative
// Subjects=19
9.05	7.41	62.12
-5.91	6.18	61.28
7.72	28.87	36.92
-5.11	28.71	35.96
42.81	38.28	17.88
-41.6	36.72	18.98
48.31	12.48	27.79
-47.85	11.99	30.05
48.1	25.66	5.5
-45.93	24.03	6.71
20.39	3.2	6.58
-19.14	0.85	7.23
57.9	-40.53	2.01
-55.36	-43.24	4.66
37.48	6.47	6.11
-35.19	8.24	7.91
10.06	-51.37	31.35
-7.04	-51.56	30.45
7.34	51.33	-2.88
-6.55	51.25	-2.71
7.32	40.07	-10.86
-5.5	40.08	-9.6
10.12	4.16	61.26
-8.03	2.02	62.77
9.83	31.88	34.41
-8.31	29.83	37.02
42.82	37.23	17.97
-41.6	37.86	20
50.45	12.49	27.76
-45.7	12.17	32.24
49.19	25.92	8.81
-44.84	25.36	9.93
20.4	2.23	7.78
-19.15	1.82	6.04
57.9	-41.59	2.1
-54.3	-43.32	3.53
37.5	0.13	6.64
-34.1	1.81	7.32
10.03	-47.31	28.78
-7.07	-46.35	28.9
9.45	52.06	-7.43
-8.73	52.92	-8.41
9.42	39.74	-15.32
-6.62	38.42	-17.25

// Mead L A, 2002: Incongruent > Congruent
// Mead L A, 2002: Congruent > Incongruent
// Mead L A, 2002: Incongruent > Neutral
// Mead L A, 2002: Neutral > Incongruent
// Subjects=18
-45.7	6.63	29.36
4.73	-41.45	36.16
-16.16	32.53	-9.96
-45.72	7.6	28.16
-2.75	-43.7	35.32

// Milham M P, 2003: Within-Region Analysis:  Interference vs. Control
// Milham M P, 2003: Region-Based Analysis:  Interference vs. Control
// Subjects=11
-32.94	-74.08	-10.86
52.47	-56.82	-15.52
31.11	-52.38	-11.18
41.93	-72.95	-2.89
-35.07	-65.29	-7.11
35.57	-81.28	0.11
-26.33	-80.79	11.93
-34.92	-83.47	5.56
-41.27	-82.82	14.5
-24.07	-90.5	23.87
10.05	-88.86	14.42
16.28	-77.5	-4.45
56.76	-25.82	-.32
63.23	-58.19	-6.61
-47.9	-56.57	-3.23
67.51	-51.48	-2.76
-45.69	-55.87	5.6
44.26	-73.17	21.63
52.46	-41.51	-10.11
-.59	8.24	59.93
7.59	35.16	21.89
3.39	35.99	33.02
1.38	26.26	45.01
1.47	16.2	52.55
-43.67	35.19	26.94
-41.41	32.17	42.78
-30.84	24.35	23.24
41.78	52.96	28.93
31.11	-52.38	-11.18
-22.32	-50.58	-10.72
-34.93	-76.95	7.25
46.19	-68.69	-3.3
16.3	-77.33	-2.23
10.05	-88.86	14.42
56.79	-27.76	2.07
42.12	-73.18	21.66
7.59	33.04	22.07
3.39	35.99	33.02
18.66	10.64	61.74
-.68	18.3	52.4
46.23	21.78	38.18
-41.46	20.57	30.37
-54.39	30.38	20.77
-49.97	31.95	40.67
-37.09	30.43	47.34

// Taylor S F, 1997: Normals, Group 1
// Subjects=12
28.87	59.69	20.71
36.31	46.1	9.49
45.84	28.76	-9.24
47.94	48.15	-6.43
21.35	33.95	5.11
4.29	39.74	12.62
-50.2	29.55	9.64
57.87	18.45	21.6
-35.84	-44.61	40.23
28.86	22.2	3.78
38.44	16.37	-3.65
-28.93	15.45	-9.49
13.66	9.68	-32.92
47.95	60.38	0.35
-50.27	31.07	1.71
-45.8	21	22.58
-28.95	54.8	3.94
-38.04	8.56	53.64
-30.95	-44.81	-17.8
-24.02	-63.58	41.69
-40.08	-39.81	47.68
-28.93	18.79	-7.54

// Taylor S F, 1997: Normals, Group 2
// Subjects=6
9.4	19.77	-25.91
-45.76	13.77	25.41
-5.65	70.32	-17.71
-30.65	-91.19	1.7
-45.94	-35.38	-18.42
-57.9	19.54	-22.88
-17.18	5.58	-14.37
-24.57	-64.91	-30.68
2.3	-70.87	-13.76
13.9	-64.68	-31.14
-34.34	0.47	-23.79
26.51	67.22	-5.55
4.06	19.74	-25.84
-26.41	-86.05	-1.01
17.29	-47.38	-.29
21.39	-5.23	-6.11
-17.06	-78.87	-32.94
2.31	-67.44	-10.71
-47.83	12.25	33.37
28.75	-9.72	-23.66
-57.91	17.25	-24.92
-50.3	13.21	-9.06
69.41	-3.42	-14.61
60.25	-67.96	18.78
-4.88	-47.94	35.7
7.55	-19.06	-4.79
36.39	-6.91	-1.68
-31.08	-80.24	-49.4
-31.14	-1.79	-25.86

// Brass M, 2001: Congruent vs. Incongruent
// Subjects=10
7.39	64.96	8.24
39.62	42.84	22
-23.26	34.23	40.17
39.18	-42.99	68.23
2.85	-78.33	54.88

// Peterson B S, 1999: Incongruent vs. Congruent (Increases)
// Peterson B S, 1999: Incongruent vs. Congruent (Decreases)
// Subjects=34
-14.76	-7.96	16.84
16.09	8.37	5.08
17.3	-7.77	16.46
-6.16	-21.66	17.89
9.87	-21.56	17.7
-23.67	46.49	-7.69
22.33	53.88	1.19
20.36	51.18	21.52
-45.85	39.15	23.29
-44.69	35.7	33.6
48.03	40.29	2.04
47.11	40.77	22.08
-53.31	11.9	15.62
-48.88	12.41	35.6
53.63	12.25	24.4
-6.28	30.93	23.52
-6.18	23.24	34.2
8.68	31.02	23.34
-51.08	-54.13	1.06
-52.34	-1.27	-3.36
-27.37	-86	13.5
-19.78	-93.64	24.09
31.41	-86.7	12.88
21.89	-93.39	23.59
20.83	-74.65	32.06
22	-80.22	42.55
-13.68	-53.91	0.61
-14.29	-72.26	52.34
16.7	-72.08	51.97
-52.31	11.14	5.64
-50.94	-8.75	37.4
54.55	11.78	4.35
53.79	-9.18	36.23
-53.02	-45.49	30.47
-42.16	-49.17	50.72
55.98	-44.83	29.16
46.53	-48.64	49.66
-17.64	-74.88	32.53
-19.68	-79.41	42.97
25.61	54.67	11.13
-23.3	-11.18	17.21
27.89	-3.19	5.92
26.94	-14.05	16.88
-12.64	-25.64	8.26
15.16	-27.58	8.11
-24.68	52.54	1.85
-23.54	54.38	11.72
-19.2	56.23	21.55
-19.02	49.31	42.2
23.47	54.66	11.15
25.87	48.52	41.75
-47.15	38.95	-6.79
-47.1	46.06	2.65
-46.7	22.71	44.75
50.1	38.47	-7.87
51.61	23.3	43.57
-7.61	37.07	-7.09
-7.54	39.95	2.7
-8.53	39.66	12.78
9.48	39.29	-7.47
9.56	40.06	2.5
10.71	38.72	12.64
-8.15	-21.18	37.95
-8.07	-21.47	48.01
11.07	-56.45	20.61
11.07	-35.59	28.9
10.09	-20.3	47.7
-51.08	-54.13	1.06
-50.99	-57.59	11.38
-47.57	-74	32.8
53.64	-52.45	-.29
53.74	-56.96	10.13
50.75	-73.42	31.62
-52.19	-21.64	8.38
-45.56	-58.9	21.47
54.67	-21	7.1
48.47	-56.22	20.16
18.68	-71.49	31.82
-15.82	-52.86	0.55
-14.64	-61.6	11.3
16.35	-62.47	11.02
10.14	-53.85	40.48
-53.22	-12.42	17.66
-53.14	-11.65	27.63
54.71	-11.77	16.36
55.86	-12.05	26.41
57	-11.28	36.37
52.8	-9.47	46.3
56.06	-44.06	39.13
-8.17	-56.56	20.84

// van Veen V, 2001: (CO = SI) < RI
// van Veen V, 2001: CO < SI < RI
// van Veen V, 2001: SI < (CO = RI)
// Subjects=12
-2	37.64	27.37
-39.27	21.18	38.1
39.83	18.57	38.53
41.14	-43.72	44.85
3.7	-64.09	32.49
-45.9	18.92	9.37
50.2	47.24	9.24
-35.26	37.13	9.95
4.61	-11.93	32.57
-0.03	63.4	16.26

// Subjects=0

// Milham M P, 2002: Young Subjects
// Subjects=12
-50.32	48.07	1.4
45.95	18.87	0.51
5.76	16.39	54.71
-17.42	-66.05	64.12
3.37	37.93	30.63
5.61	23.65	38.49
-43.65	33.25	29.33
-47.87	18.42	30.62
-41.3	9.08	46.94
-49.66	-32.92	55.02
-38.85	-42.58	66.86
46.4	-92.87	14.34
-2.57	-89	41.34
73.81	-19.72	-5.49

// Jonides J, 1997: 0-back minus Control, Activations
// Jonides J, 1997: 0-back minus Control, Deactivations
// Subjects=19
-30.98	9.78	-0.07
11.74	-37.49	-23.36
48.63	-68.77	36.83
0.24	42.03	42.59

// Milham M P, 2001: Incongruent > Neutral
// Subjects=16
44.14	13.48	41.13
1.4	15.51	43.68
-23.97	-67.46	46.47
-43.51	6.1	36.07
-35.14	24.15	21.08
-34.68	-50.27	49.61
-43.24	-43.8	51.4

// Ramnani N, 2000: Unpaired CS+ > CS-
// Subjects=5
30	-76	-30
-56	6	2
-26	-40	-2
-8	-64	4
-6	-94	14

// Corbetta M, 1998: Attention vs. Fixation
// Corbetta M, 1998: Attention vs. Eye Movement
// Subjects=6
28.49	-56.26	62.77
-25.01	-52.87	56.41
19.95	-62.83	61.19
-18.48	-60.43	68.12
30.46	-75.57	33.15
-25.16	-76.41	27.16
45.3	-2.03	46.88
-35.91	-4.63	48.03
38.73	2.9	28.7
32.58	3.32	62.19
-27.34	-8.81	48.28
-3.78	5.05	60.23
13.44	-4.57	71.99
-36.18	32.06	27.11
49.33	35.03	30.34
62.16	6.59	19.2
45.13	-43.35	7.97
47.36	-68.72	10.07
30.36	-89.8	14.27
45.22	-77.53	6.38
32.29	-85.32	-10.67
41.21	-41.9	54.73
17.82	-64.96	61.4
32.6	-75.55	33.12
38.88	0.05	46.78
49.5	-.58	37.79
32.53	0.69	55.72
0.43	8.79	53.18
4.84	-5.13	65.45
36.37	48.9	18.18
51.45	8.47	16.94
38.54	11.94	7.87
-32.04	21.92	5.61
64.37	-49.75	6.06
47.34	-68.89	7.86
17.55	-98.5	12.91
-22.99	-98.06	22.26
42.98	-91.78	-12.48
38.56	-71.34	-23.06
-36.38	-51.32	-32.8

// Gitelman D R, 1999: Posner Task vs. Baseline
// Subjects=12
-21	-60	51
27	-60	57
-6	-60	57
3	-54	57
-27	-6	42
51	0	36
-33	27	-9
36	27	-6
-3	9	45
3	18	39
0	24	24
63	-39	12
-45	-69	-6
51	-60	-6
-33	-87	-3
48	-69	-24

// LaBar K S, 1999: Spatial Attention
// Subjects=11
-48	-72	3
57	-54	3
54	-66	3
-30	-87	0
-42	-78	3
-24	-63	-3
33	-84	12
42	-81	0

// Milham M P, 2005: Congruent and Incongruent vs. Neutral
// Milham M P, 2005: Incongruent vs. Congruent
// Subjects=18
38	-68	-22
12	-28	-6
4	-12	-2
-14	-28	-2
14	6	-2
-22	-56	-6
-6	-86	0
-34	14	-14
-38	-72	0
-30	-80	8
38	-82	14
10	-78	10
66	-50	10
50	-50	22
18	-68	28
28	-62	46
-54	-48	22
-34	-54	22
-16	-68	28
-30	-62	40
-14	-68	54
-46	-30	40
-32	22	2
-44	46	22
-46	18	26
-30	26	54
-44	6	52
-28	42	2
30	22	2
34	18	18
32	38	20
36	58	30
28	46	44
44	24	48
-2	32	36
-2	14	38
0	14	54
12	22	36
34	-32	-24
-12	-24	16
8	-16	-4
-40	-50	-12
-26	-78	-12
-18	-54	-8
34	-78	-8
50	-50	-16
56	-38	-4
2	-70	2
24	-64	6
-26	-66	34
-32	-48	38
2	-54	36
54	-46	26
34	-50	36
-30	56	2
-36	16	6
-42	6	32
36	28	-6
40	14	26
6	20	28
-4	14	48

// Thiel C M, 2004: Invalid - Valid Spatial Cues
// Thiel C M, 2004: Neutral Cues - No Cues
// Thiel C M, 2004: Valid Cues - Neutral Cues
// Subjects=15
27	-60	45
-12	-60	45
-36	-45	42
45	-69	15
27	9	45
-39	0	48
-36	24	33
36	-57	-18
-36	-75	-3
-9	15	33

// Winterer G, 2002: Target Identification vs. Fixation
// Subjects=6
-11.63	-24.03	1.43
16.16	-16.12	4.9
-3.85	-85.69	15.43
2.59	-85.39	18.68
-39.22	-71.69	6.86
41.99	-70.15	5.79
-4.98	1.47	41.59
3.66	-7.4	50.04
-21.09	-22.55	21.48
60.18	-37.92	21.84
-37.43	-10.41	-12.8
39.58	-13.66	-6.72
-54.44	4.61	3.98
-23.44	0.56	3.96
32.11	6.18	2.85
-18.04	-65.79	-15.07
10.83	-62.19	-12.36
-2.7	-3.58	58.71
2.55	15.23	53.73
-35.81	-22.27	53.97
36.88	-27.12	53.54

// Astafiev S V, 2003: Attention vs. Fixation
// Astafiev S V, 2003: Attention > Saccade
// Subjects=15
-25.02	-61.84	50.47
-29.24	-59.06	59.21
24.21	-62.97	58.93
28.39	-57.29	49.48
34.87	-56.57	58.27
-31.47	-49.02	51.7
43.41	-50	59.85
-16.43	-63.56	54.98
0.66	-52.54	58.32
4.9	-44.06	57.56
-29.45	-6.37	52.56
38.91	0.39	51.21
-1.45	-47.81	64.64

// Beauchamp M S, 2001: Shifts of Attention vs. Fixation
// Subjects=9
-29.44	-3.99	55.71
33.61	-2.47	55.97
-42.44	1.79	35.3
44.14	2.48	36.48
-1.59	0.12	65.08
-26.07	-54.99	56.6
30.58	-56.76	56.1
-41.35	-71.62	7.99
47.33	-69.06	5.64
0.66	-63.46	54.78
3.66	-82.13	19.51
1.31	-78.82	-6.39

// Peelen M V, 2004: Cue - Neutral
// Subjects=19
3.52	14.21	40.42
54.71	11.29	25.58
-24.07	-3.7	58.97
34.72	-6.44	59.64
-.51	-48.12	46.81
57.04	-42.71	28.97
-.48	-77.44	39.23
-3.19	-77.9	-35.41

// Banich M T, 2000: Incongruent > Congruent, Color
// Banich M T, 2000: Object > Color
// Banich M T, 2000: Incongruent > Congruent, Object
// Subjects=10
-49.97	14.35	33.22
54.73	21.32	31.43
-43.75	32.22	16.04
58.9	29.12	21.81
44.01	20.91	27.13
14.28	-87.06	9.76
-15.59	-96.59	13.13
-15.47	-94.33	28.56

// Cools R, 2004: Object-Rule-Switch vs. Nonswitch
// Subjects=16
-30	27	6
-42	15	6
-42	9	21
-48	24	21
9	9	48
-27	-51	48
9	-3	-3
-45	0	33
24	0	54
-33	-87	0
15	-66	12

// DiGirolamo G J, 2001: Young Normals
// Subjects=8
-20.56	72.94	-9.95
-50.27	42.07	6.36
-30.49	-7.09	57.1
-32.49	-34.25	63.86
-50.21	27.27	7.6
-37.52	52.38	0.89
-31.04	31.1	0.37
-45.87	36.78	20.14
-35.34	28.61	-3.83
-19.57	-35.43	74.96
-.73	17.78	45.75
-28.52	15.33	44.04
-.73	22.19	47.61
-47.84	16.48	33.02
-41.46	20.57	30.37
-39.41	32.93	24.85
1.34	32.43	42.27
-15.84	-56.38	-3.62
-24.18	-65.29	19.53
-11.36	-100.42	4.48
-.67	-84.87	11.98
-30.53	-86.65	19.16
-37.07	-76.97	7.27
-17.62	-92.23	28.4
-34.9	-74.5	11.5
-.4	-60.12	56.74
-41.14	-39.73	48.81
-49.68	-30.98	52.63
-43.32	-59.98	34.92
-45.54	-19.12	40.44
-53.98	-20.26	54.01
-36.81	-25.99	60.99
-45.69	-71.19	0.2
-30.83	-39.21	-.43
-28.64	-38.68	6.2
50.01	56.28	-11.59
39.43	61.64	3.69
37.07	50.6	-28.81
56.66	14.88	2.96
50.24	23.47	4.54
50.33	31.01	19.52
60.85	16.16	-8.35
52.43	39.48	18.78
3.84	-38.43	61.56
12.51	-52.5	71.56
5.75	18.51	54.53
42.13	6.04	55.16
33.5	22.73	51.63
52.55	18.68	24.99
5.76	-12.13	43.72
1.49	-12.15	43.77
23.87	4.9	42.09
10.14	-39.59	45.97
20.63	-23.98	26.7
14.28	-84.95	9.58
33.56	-79.92	17.86
3.8	-95.99	32.93
20.5	-62.67	-5.74
29.54	-68.57	54.87
48.66	-38.85	52.16
48.61	-39.36	45.51
50.25	-7.17	-6.27
31.16	-45.35	-2.85
59.19	-55.82	24.47
48.33	-64.28	-1.46
43.81	14.46	-1.32
14.05	-30.13	2.76
20.73	-95.48	10.39
-26.99	72.73	-12.09
-33.4	68.29	-13.87
-56.28	-13.18	35.6
-41.45	16.34	30.72
-39.6	24.36	-3.43
-31.06	30.93	-1.84
-24.21	15.7	48.42
-.73	22.19	47.61
-45.79	35.35	29.18
-45.88	41.01	19.79
-15.61	-95.7	10.83
-19.81	-95.04	19.74
-17.82	-87.77	3.5
-.27	-67.55	70.74
-28.25	-60.97	48.21
-47.89	-49.88	0.67
-60.75	-59.1	-7.33
47.85	58.21	-13.96
4.94	78.24	-26.3
50.43	18.84	27.23
56.61	20.88	-2.01
54.56	43.73	18.4
31.38	14.09	50.15
5.62	30.34	42.39
56.87	23.62	33.45
18.64	-94.98	17.07
16.44	-93.39	10.27
27.02	-76.93	2.07
42.31	-42.6	59.24
35.88	-60.42	49.66
48.34	-64.11	0.75
-37.66	64.04	-13.47
-17.78	-91.66	8.28
-37.17	-75.88	-6.2
-37.13	-82.05	-3.45
-49.65	-21.83	60.78
37.13	66.6	-14.54
48.3	16.71	27.43
56.88	25.9	35.48
14.3	-91.29	10.12
27.03	-81.16	2.43
46.47	-87.79	25.06

// Dove A, 2000: Task Switch - Task Repetition
// Subjects=16
-45.65	9.34	36.94
44.09	12.97	34.49
-37.36	23.2	8.91
30.97	26.35	2.29
-7.13	16.77	47.02
-32.55	-48.05	50.52
1.72	-74.54	49
-6.73	-65.9	65.1
-2.86	-12.95	33.85
-2.77	-34.01	36.73
-7.35	-11.94	5.94
5.49	-21.56	4.37
22.56	-27.25	-2.04

// Kimberg D Y, 2000: Switch - Repeat
// Subjects=9
-35.79	-21.04	56.1
-37.32	-65.28	-20.47
-26.08	-62.82	51.68
18.64	-4.93	53.01
-3.1	-28.64	-3.86
33.76	-49.34	55.44
32.99	28.42	-12.41
53.71	-80.28	-2.41
61.22	-3.05	32.29

// Kringelbach M L, 2003: Main Reversal Task
// Kringelbach M L, 2003: Conjunction of Main Reversal Task and Control 
// Reversal Task
// Subjects=9
42	42	-8
-46	30	-8
38	20	16
-46	16	16
-10	-10	0
-16	8	4
-8	22	52
44	26	-12
-46	28	-8
-6	18	48
40	18	28
-46	10	36

// Milham M P, 2003: Oddball
// Milham M P, 2003: Incongruent, Eligible and Incongruent, Ineligible > 
// Neutral
// Milham M P, 2003: Incongruent, Eligible > Incongruent, Ineligible
// Subjects=16
-28.4	-95.44	15.41
-34.99	-84.16	-3.3
-17.67	-97.14	19.89
-32.59	-85.8	30.27
35.77	-94.54	21.29
27.22	-103.39	17.67
42.19	-92.21	23.25
-28.89	64.2	15.41
-41.54	22	21.33
-45.87	19.18	12.69
-45.61	13.11	44.43
-37.61	60.15	-8.68
46.23	12.98	34.46
5.53	40.4	34.86
-30.36	-58.53	52.49
38.02	-56	51.49
-35.16	17.3	14.96
35.34	19.66	11.72
-48.04	45.23	19.46
52.42	43.71	18.43
54.59	39.67	20.97
43.84	56.52	19.68
48.22	4.94	12.81
9.74	35.34	24.08
65.42	14.87	29.62
-11.19	-61.21	43.57
61.54	-53.58	53.25
-28.26	-47.94	51.58
40.25	-68.17	59.18
3.96	-70.16	64.22
-4.88	-84.21	20.89
-22.01	-71.45	22.25
-43.83	44.57	10.54
-37.36	25.4	9.84
-35	14.61	35.26
-39.36	29.04	29.64
-46.05	26.09	-7.96
-26.79	24.26	-5.79
45.91	31.73	1.67
43.89	41.72	20.92
48.06	47.23	9.26
56.74	17.85	13.86
37.31	28.88	-6.92
5.38	43.26	16.78
9.86	12.42	30.46
-7.2	-11.46	25.97
7.88	-25.49	35.9
-22.05	0.57	45.21
54.77	8.63	32.5
54.96	-50.93	33.03
61.44	-54.6	39.95
44.45	-69	48.05
50.76	-39.18	47.7
12.15	-65.07	19.09
-30.4	-58.87	48.06
1.78	-61.88	61.32
-43.53	-77.52	0.7

// Norris D G, 2002: Incongruent vs. Neutral, GE-EPI, Activations
// Norris D G, 2002: Incongruent vs. Neutral, SE-EPI, Activations
// Norris D G, 2002: Incongruent vs. Neutral, SE-EPI, Deactivations
// Subjects=7
2.39	32.27	40.04
-39.3	8.78	29.1
48.33	20.39	33.81
-39.63	38.36	-1.25
34.12	58.69	7.35
-20.7	-76.7	50.56
28.43	-67.86	50.37
-39.24	-75.12	3.8
44.09	-75.94	-.44
0.27	31.28	41.26
-39.27	7.98	32.52
42.86	21.19	17.08
-45	44.59	-2.83
21.23	67.79	2.27
-26.09	-61.85	50.49
28.38	-70.58	42.79
-45.61	-80.28	6.53
42.04	-83.9	6.95
-10.83	73.06	4.43
-3.38	54.18	-6.34

// Omori M, 1999: Alternate vs. Rest AND Tie vs. Rest AND Win vs. Rest AND 
// Lose vs. Rest
// Omori M, 1999: Alternate vs. Rest AND Alternate vs. Tie AND Alternate vs. 
// Win AND Alternate vs. Lose
// Subjects=6
46	8	32
-2	-6	48
-46	0	28
-52	2	12
34	-6	48
-32	-24	48
20	-10	52
-14	22	4
-44	-38	40
-22	-64	40
36	-48	-16
-6	-92	-8
8	-72	-12
-44	-76	-4
24	-82	0
-26	-78	-20
28	-66	-20
-10	-64	-20
-38	24	24
-42	8	28
38	12	32
-4	-68	40
24	-66	40
-28	-78	-16
-24	-60	-12
-14	-78	-16
-30	-78	12
-38	-76	8
26	-76	20
-22	-80	28

// Pollmann S, 2000: Task Switch - Task Repetition
// Subjects=11
49.41	21.54	34.82
49.46	6.74	36.06
34.22	3.74	-1.43
1.53	8.08	57.69
-25.05	-72.04	42.41
30.49	-66.42	41.3

// Potenza M N, 2003: Normals Subjects
// Subjects=11
2.45	16.4	41.37
45.45	-54.27	45.68
47.29	11.84	33.43
-32.65	-49.17	36.12
42.78	46.74	17.17
3.28	35.93	18.53
12.98	-4.96	11.81
-28.84	13.05	0.75
39.54	15.57	-.25
17.05	6.12	-10.35
-1.26	43.02	-13.24

// Smith A B, 2004: Switch vs. Repeat
// Subjects=20
35.29	16.95	4.14
50.61	-15.46	37.91
50.47	-16.91	19.08
41.75	-6.71	0.48
4.75	-12.68	50.47
42.8	6.25	2.72
-39.26	-11.65	26.36
-43.43	-22.71	35.14
-44.74	-13.14	7.58
-28.89	52.14	10.85

// Swainson R, 2003: Wait vs. Go
// Swainson R, 2003: Switch vs. Nonswitch, Wait
// Swainson R, 2003: Switch vs. Nonswitch, Go
// Subjects=12
36	15	30
42	24	-6
0	9	51
3	33	24
9	15	30
21	-87	9

// Banich M T, 2001: Incongruent, Color vs. Neutral
// Banich M T, 2001: Incongruent, Object vs. Neutral
// Subjects=14
-43.56	14.39	33.14
-35.36	24.04	-7.91
3.5	21.7	40.91
-4.63	-72.84	57.85
18.58	-75.78	17.69
3.44	-77.75	-6.51
14.19	-90.21	-3.36
-23.93	-73.64	49.22
-43.28	-42.03	46.79
-58.74	-9.94	-4.79
-41.53	-13.03	8.65
-60.9	29.32	7.56
-35.36	24.04	-7.91

// Brass M, 2004: Meaning Switch vs. Cue Switch
// Brass M, 2004: Cue Switch vs. Cue Repetition
// Brass M, 2004: Switch vs. Repetition, Single Cue
// Subjects=14
-38.22	8.96	31.31
59.92	24.21	13.29
39.07	-56.17	49.26
-41.26	0.71	48.76
53.58	-57.45	-9.9
-51.13	-61.25	-8.38
35.56	-82.42	-.91
-3.86	7.53	51.1
-23.05	-5.27	52.4
-38.2	12.39	34.36

// Braver T S, 2003: Switch x Time
// Braver T S, 2003: Block x Time
// Braver T S, 2003: Mixed State vs. Fixation, Increases
// Braver T S, 2003: Mixed State vs. Fixation, Decreases
// Braver T S, 2003: Mixed vs. Single State, Increases
// Braver T S, 2003: Mixed vs. Single State, Decreases
// Braver T S, 2003: Block x Effect
// Subjects=13
-15.51	9.63	65.56
-28.21	-64.95	51.89
-41.78	32.63	-6.32
-47.96	18.53	18.35
18.01	-23.5	-35.76
-15.51	9.63	65.56
-28.21	-64.95	51.89
-41.78	32.63	-6.32
-47.96	18.53	18.35
18.01	-23.5	-35.76
24.58	44.09	12.03
37.37	53.68	11.07
5.39	31.29	13.32
-41.78	32.63	-6.32
24.58	44.09	12.03
37.37	53.68	11.07
5.39	31.29	13.32
-41.78	32.63	-6.32
-15.51	9.63	65.56
-28.21	-64.95	51.89
-41.78	32.63	-6.32
-47.96	18.53	18.35
18.01	-23.5	-35.76
24.58	44.09	12.03
37.37	53.68	11.07
5.39	31.29	13.32

// Dreher J C, 2002: Switching vs. Baseline
// Dreher J C, 2002: Main Effect of Predictable Task Order
// Dreher J C, 2002: Main Effect of Unpredictable Task Order
// Subjects=8
-28	4	56
-40	20	32
48	16	40
60	28	32
-36	-56	52
36	-60	44
-28	-68	-40
0	-68	-32
52	-56	-4
0	64	8
28	-20	-8
0	-48	16
-44	16	32
36	24	20
-28	-16	60
20	-16	68
-32	-56	48
40	-48	48
-32	-68	-36
-52	-28	-12
52	-56	-4
-20	24	-4
28	28	4
-28	-88	4
28	-84	-8

// Dreher J C, 2002: ABA > ABC
// Dreher J C, 2002: First Task of Triplet > Second and Third Tasks Averaged 
// Together
// Subjects=14
38	19	11
27	27	27
-42	-53	-11
-27	-72	27
4	15	42
-42	-72	-8
38	-65	-15
-49	4	30
42	4	23
-34	-11	49
30	-27	49

// Luks T L, 2002: Informative Switch Cue > Baseline
// Luks T L, 2002: Informative Repeat Cue > Baseline
// Luks T L, 2002: Neutral Cue > Baseline
// Luks T L, 2002: Informative Cues > Neutral Cues
// Luks T L, 2002: Neutrally Cued Switch > Baseline
// Luks T L, 2002: Neutrally Cued Repeat > Baseline
// Luks T L, 2002: Neutrally Cued Switch > Repeat
// Luks T L, 2002: Switch > Repeat
// Subjects=11
-4.03	-.87	-63.82
1.65	16.97	46.37
6.01	15.07	48.73
1.65	16.97	46.37
-46.3	26.87	17.08
-33.34	46.58	20.51
33.52	39.29	7.76
-45.93	-1.04	40
49.14	0.36	38.24
53.64	1.72	52.6
-37.23	-23.55	39.84
-39.38	-34.4	38.71
-35.6	37.02	10.29
-9.15	14.81	46.77
-6.92	12.04	51.49
6.01	15.07	48.73
8.17	15.08	48.69
-41.98	29.01	16.79
46.49	37.21	7.75
59.6	33.94	17.93
-41.61	-5.38	39.24
51.44	-6.25	47.82
-32.94	-60.95	30.02
-39.87	33.07	14.11
-35.63	30.23	6.48
-54.91	37.99	21.72
-44.22	34.97	11.76
-45.87	-4.98	43.75
51.27	-3.14	35.19
53.62	-3.91	49.8
-46.48	46.25	6.2
-7.03	5.69	40.91
-4.83	23.54	48.07
-52.99	12.11	-2.64
-4.83	23.54	48.07
-48.38	31.84	24.46
-50.7	32.82	12.08
55.23	44.56	16.96
-52.24	-50.09	43.84
-53.2	-48.1	53.75
-52.25	-46.9	43.53
53.64	-44.19	43.7
-57.05	28.31	21.6
-35.46	38.06	21.39
-6.89	24.26	55.88
-44.25	12.87	4.98

// Sylvester C C, 2003: Normals, Group 1
// Subjects=14
15	-64	55
-22	-64	50
34	-45	35
-34	-49	55
26	-8	60
-34	0	55
45	26	25
-38	30	30
-26	-82	15
34	19	5
-26	26	10
-8	15	50
19	-8	20
-15	-8	15
11	-68	45
38	-56	50
-38	-41	45
26	0	55
-30	4	55
56	22	40
-49	26	40
-34	-75	20
-30	26	10
15	19	35
-8	11	50

// Sylvester C C, 2003: Normals, Group 2
// Subjects=14
-15	-56	55
-45	-41	50
-41	8	30
11	-60	0
-11	-64	0
0	11	50
11	30	-5
-15	-26	-10
22	-52	60
-22	-49	60
26	-45	50
-38	-38	40
30	0	50
-19	0	50
22	49	10
-26	49	15
-8	11	50
15	-15	25
-11	-4	25
-11	-19	20
-8	-64	55
-11	-64	0
22	64	0
-26	-86	25

// Zysset S, 2001: Incongruent vs. Neutral
// Zysset S, 2001: Congruent vs. Neutral
// Zysset S, 2001: Incongruent vs. Congruent
// Subjects=9
2.39	32.27	40.04
-39.3	8.78	29.1
48.33	20.39	33.81
-39.63	38.36	-1.25
34.12	58.69	7.35
-20.7	-76.7	50.56
28.43	-67.86	50.37
-39.24	-75.12	3.8
44.09	-75.94	-.44
-40.46	29.84	26.24
47.26	21.45	33.74
-41.79	44.69	-1.76
34.03	56.69	-4.75
-21.77	-76.71	50.57
25.34	-69.94	65.07
-38.22	8.87	30.2
-29.78	-54.77	-9.17
34.32	-51.3	-11.31
-13.49	-103.6	4.78

// Kerns J G, 2005: Normal Subjects
// Subjects=13
3.5	19.5	39.98
-28.39	1.3	55.26
48.75	-46.71	60.63
-38.34	27.39	21.96
46.07	30.01	20.77
61.34	-47.97	29.36
-60.59	-46.47	18.37
42.64	51.89	1.13
19.42	-30.99	5
-59.58	-52.61	7.72
-15.93	-14.45	1.79
54.44	27.12	-3.62
-47.15	26.89	-11.36
1.36	19.48	40.01
-31.59	5.77	58.26
-26.12	-55.5	49.96
5.96	-59.54	49.93
55.08	-55.19	46.77
-43.49	6.36	39.39
54.72	14.72	28.64
-44.78	26.04	18.8
55.6	13.81	3.06
0.3	-60.63	8.82
52.29	20.42	-7.5
-38.56	19.62	-9.73
-56.45	-57.76	-4.15

// Heckers S, 2004: Normals
// Subjects=15
-42	40	14
-44	8	30
0	18	46
36	12	22
-28	6	42
42	44	26
22	46	-22
28	14	46
40	20	-10

// Weiss E M, 2003: Controls
// Subjects=13
-40	4	32
12	12	40
28	-56	44
-24	-64	36
28	-72	20
28	-84	4
-20	16	16
-28	20	-4
40	20	20
-4	44	36
20	48	28
-4	36	-8
-32	36	-8
28	-44	0
-36	-52	0
48	-8	4
-56	8	24
44	24	40
-40	-24	40
44	-52	52
-20	-60	24
-4	-88	16
8	-12	0
36	8	20
-36	-4	-4

// Mendrek A, 2004: Control Subjects
// Subjects=8
-8	-8	56
8	-8	64
-8	-8	60
8	-4	64

// Hugdahl K, 2004: Healthy Subjects
// Subjects=12
60	-12	12

// Fink G R, 1997: Global vs. Local
// Fink G R, 1997: Local vs. Global
// Fink G R, 1997: Large vs. Small Stimuli
// Fink G R, 1997: Small vs. Large Stimuli
// Subjects=10
18.63	-77.19	2.73
-22.45	-101.56	-3.12
-.83	-90.43	-.11
18.84	-86.57	17.11
-26.82	-101.99	-7.48
31.57	-101.37	-4.06

// Gurd J M, 2002: Switching > Non-Switching
// Subjects=11
-16	-68	60
28	-64	58

// Weiss E M, 2007: Controls
// Subjects=8
-47.84	12.07	31.16
52.49	11.48	14.44
39.41	39.47	-7.83
48.31	27.8	33.19
-5.08	16.9	34.72
-3.06	37.72	28.49
-49.81	-34.46	35.08
63.43	-45.13	24.64
46.34	-38.55	28.74
-32.63	-55.51	36.65
-62.79	-44.97	10.46
-28.4	-95.52	14.31
35.78	-72.45	31.71
-33.2	24.23	-5.72
-50.15	14.75	10.88
-3.14	39.06	18.34
1	42.12	2.43
5.58	23.31	34.06
13.78	46.08	-2.51
-50.1	-30.86	-.9
-67.15	-41.54	0.19
-41.25	-56.33	26.78
69.59	-19.14	2.31
-43.4	-32.31	34.83
-11.24	-50.81	40.47
-16.02	12.07	0.68
-24.5	-7.02	2.38
20.33	16.86	4.32
-37.47	33.09	-.84
-47.85	3.19	26.33
-20.23	56.65	27.1
52.42	30.51	12.85
52.64	-59.43	5.89
16.35	-50.41	15.59
7.98	-77.19	27.96
-28.79	27.91	14
48.02	9.48	-10.99
26.6	24.16	-11.98

// Barch D M, 2001: Manual But Not Vocal
// Barch D M, 2001: Vocal But Not Manual
// Barch D M, 2001: Word, Vocal But Not Location, Manual
// Barch D M, 2001: Word But Not Location
// Subjects=11
-.39	-69.92	-14.93
-29.46	16.59	-8.47
54.02	8.6	4.63
35.25	-32.84	48.47
12.83	-16.34	57.38
28.58	23.71	37.11
2.78	22.01	17.47
51.11	-21.34	30.59
-23.06	33	-3.22
-42.14	41.03	19.74
-6.63	-81.36	2.83
12.62	-84.41	2.87
63.5	-22.46	-26.33
-67.6	-52.66	7.82
-51.96	25.72	-12.32
15.49	67.01	20.24
-6.64	-84.79	-.23
-6.68	-95.07	-9.4
15.82	-84.4	2.83
3.1	-83.44	16.28
-16.4	-59.98	-8.89
-64.35	-22.55	25.33

// Ravnkilde B, 2002: Incongruent Stroop - Congruent Stroop
// Subjects=46
-2.87	20.99	46.06
4.08	-20.85	2.65
-31.93	20.17	-8.74
-.1	23.57	32.43
1.04	-58.29	-32.65
-7.49	-69.6	-34.95
12.93	12.63	54.95
-35.96	11.44	20.48

// Bohland J W, 2006: Complex Sequence > Simple Sequence
// Subjects=13
22	-60	-20
32	-60	-26
-34	-56	-32
36	-54	-56
26	-32	-46
6	-74	-38
16	-70	-48
30	-62	-56
36	-44	-54
-44	-58	-10
6	-68	-18
30	-38	-50
4	-80	-18
-24	-64	-22
-48	-64	-22
22	-82	-18
-16	-62	-16
-30	-78	-22
-22	-84	-22
6	-88	-10
36	-38	-40
0	6	56
8	30	34
-2	18	46
0	2	68
0	-6	70
-2	22	36
-48	4	30
-56	-8	46
-50	28	24
-54	16	32
-50	-6	54
-54	6	42
-32	-4	64
-42	-2	44
-32	-4	52
-58	10	20
-26	-6	50
0	-6	12
-8	-2	10
18	-8	20
-32	22	4
-42	16	6
-48	14	2
-48	20	-6
40	22	2
50	20	-2
-30	-54	58
-26	-60	56
-30	-48	46
-48	-32	46
-26	-68	38
-52	-34	52
26	-64	64
32	-56	52

// Tang J, 2006: Numerical > Physical
// Tang J, 2006: Numerical Task Conflict Trials > Numerical Task Non-Conflict 
// Trials
// Tang J, 2006: Physical Task Conflict Trials > Physical Task Non-Conflict 
// Trials
// Tang J, 2006: Numerical Task Error Trials > Numerical Task Correct Trials
// Tang J, 2006: Physical Task Error Trials > Physical Task Correct Trials
// Tang J, 2006: Conjunction by Masking Across Tasks (Error Trials > Correct 
// Trials)
// Subjects=18
51.04	11.57	20.29
-37.97	19.09	-9.19
51.29	-78.5	21.36
45	-35.51	45.22
25.65	-62.16	48.19
36.46	-53.31	50.49
55.15	-55.66	-10.1
50.86	-64.18	-9.19
-21.82	-64.04	53.67
42.83	-37.75	44.36
36.47	-44.49	52.98
-9.11	19.48	50.79
16.34	-2.66	7.73
20.59	8.84	4.27
9.66	7.87	-5.53
18.94	23.62	47.66
-22.59	-16.19	3
39.52	55.45	-26.43
38.07	-79.35	1.5
-46.48	-52.17	-13.2
48.97	14.42	27.89
-42.19	34.04	1.73
4.6	-42.06	11.82
56.15	-26.73	-10.74
-33.76	18.27	-18.15
-33.98	8.96	-37.39
-53.69	-46.31	15.48
46.22	29.71	-15.04
60.54	24.19	5.44
37.3	15.59	-39.26
7.62	-14.16	0.05
-3.18	-14.2	0.23
-18.44	-83.1	-24.06
1.14	30.67	9.17
5.19	-23.9	-23.6
-52.54	2.36	30.81
39.7	-5.59	-24.88
-48.43	17.19	16.95
-26.85	37.89	19.02
-62.15	-28.52	34.03
58.65	-41.66	13.1
55.1	-27.59	-8.4
58.22	26.23	-7.05
35.41	20.85	-17.34
-35.92	18.27	-18.11
-16.3	-78.84	-24.52
5.02	-39.39	-39.99
58.62	-41.87	10.88
56.15	-26.73	-10.74
-33.76	18.27	-18.15
-53.69	-46.31	15.48
46.22	29.71	-15.04

// Durston S, 2003: Compatible Increased, Incompatible Decreased
// Durston S, 2003: Compatible Increased, Incompatible No Monotonic 
// Relationship
// Durston S, 2003: Compatible No Monotonic Relationship, Incompatible 
// Increased
// Durston S, 2003: Compatible Decreased, Incompatible No Monotonic 
// Relationship
// Subjects=9
-39.29	23.13	35.71
21.54	44.64	33.2
4.26	47.05	10.9
-32.49	-44.19	59.12
32.69	-52.61	54.61
35.8	-40.41	46.86
-40.36	-59.27	2.48

// Gur R C, 2007: Target Green Circles > Standard Red Circles
// Gur R C, 2007: Novel > Standard Red Circles
// Subjects=36
-54.12	-15.11	37.97
-45.43	-26.72	52.22
-45.46	-27.07	47.79
-3.04	-21.44	6.69
5.52	-16.81	10.66
-3.08	-30.58	-1.47
-11.6	0.35	13.88
57.11	-22.22	46.21
61.35	-13.74	45.45
40.05	-13.18	54.57
-.65	3.15	49.21
5.76	3.19	49.13
-.69	2.81	44.77
5.72	2.85	44.7
-54.3	5.01	22.9
-54.27	5.35	27.33
-67.24	-.67	5.68
-32.95	-8.24	14.84
-32.98	-8.58	10.41
-2.9	-68.3	6.15
-2.87	-67.96	10.59
18.62	-62.23	27.7
-23.94	-56.2	54.45
-28.22	-56.23	54.5
35.57	-50.47	13.14
43.96	0.68	13.21
31.57	-78.39	37.83
35.7	-84.31	15.97
31.56	-65.36	41.2
26.84	-48	-9.27
26.97	-64.24	1.01
-28.73	-48.34	-8.61
-28.71	-52.57	-8.25
-24.09	-79.75	25.2
-24.08	-83.98	25.56
10.02	-76	15.57
-7.09	-71.87	15.42
-7.35	-4.2	9.75
48.34	10.54	30.18
44.26	-70.88	23.67

// Hazeltine E, 2003: Incongruent - Neutral (Letter > Color)
// Subjects=10
-54.68	15.63	35.14
38.26	29.35	38.92
-43.66	-17.74	44.98
40.97	-23.46	70.99
-34.98	-58.95	39.94

// Pfefferbaum A, 2001: Controls
// Subjects=10
-58.89	22.83	28.56
-16.27	14.9	-11.61
-25.21	3.76	5.22
-16.43	-4.85	5.7
-7.5	8.28	-11.67
6.92	37.77	-10.46
13.02	45.77	-5.64
33.78	29.93	-32.66
14.19	10.34	-13.81
26.9	30.62	-21.52
7.56	-62.84	44.31
14.17	-57.66	38.42
12.78	-59.99	13.57
-11.2	-62.38	22.62
-6.2	-68.93	6.26
-27.26	-52.25	44.64

// Fitzgerald K D, 2005: Normals
// Subjects=7
-3	18	33
9	33	36
9	12	45
6	9	48
15	3	69
-6	0	66
6	0	66
48	18	30
45	27	33
48	9	-24
36	15	-12
36	-9	-18
-42	24	-9
0	0	54
-6	-3	57

// Nakao T, 2005: Normals
// Subjects=14
42	14	-8
34	20	-2
36	20	-10
52	14	34
44	16	28
42	6	52
36	56	14
38	42	30
-50	12	32
-44	28	16
-44	10	24
-2	26	40
-6	20	46
6	28	32
16	0	14
-16	-2	12
-8	-20	6
32	-64	50
34	-50	40
-26	-62	54
-20	-70	52
-34	-54	54
-34	-88	8
-28	-80	22
38	-54	-20
34	-68	-30
42	-58	-32

// Wagner G, 2006: Control Subjects
// Subjects=16
52.5	14.91	17.5
5.62	20.48	38.76

// Yucel M, 2007: Normals
// Subjects=19
0	12	48
-8	16	46
4	10	48
-2	4	48
6	0	58
4	6	54
24	-76	32
28	-6	60
-28	0	56
20	-6	58
36	16	22
50	-4	34
36	-62	-26
-16	4	14
34	-58	-14

// Maltby N, 2005: Normals
// Subjects=14
8	32	24
-4	36	24
-4	20	36
4	20	36
48	20	-4
-40	20	-4
-52	-8	28
48	40	4

// Ullsperger M, 2001: Response Competition (Incompatible Correct vs. 
// Compatible Correct)
// Ullsperger M, 2001: Error-Related Activations (Incompatible Incorrect vs. 
// Incompatible Correct)
// Subjects=12
5.59	34.4	39.82
5.62	24.8	39.51
-3.9	1.65	43.79
32.08	20.19	5.02
48.38	-1.1	31.15
53.71	9.77	33.53
40.91	6.6	35.06
50.44	13.46	26.56
44.96	15.32	9.74
54.55	15.12	6.3
32	17.13	-6.99
47.96	37.4	-7.76
-35.24	19.78	5.83
-36.36	10.46	-4.53
-32.02	-2.03	-1.3
24.64	49.09	21.64
50.37	30.3	24.04
41.75	38.36	19
-38.41	44.31	20.54
-35.84	-23.75	48.52
45.48	-44.07	53.75
5.67	-22.93	27.9
11.73	15.15	-3.24
9.75	-31.56	-1.53
27.92	-31.45	-1.75
-13.73	-19.3	7.75
-10.61	-22.34	-4.3
50.67	-70.93	22.49
15.13	-60.85	-9.18
3.41	-58.29	-2.56
25.7	-49.84	-19.14
-9.42	-62.85	-5.38
-33.05	-68.6	-22.47
-25.43	-84.7	-11.17
3.51	18.53	41.18
-.69	10.47	47.48
8.73	23.87	27.29
-36.31	16.43	3.89
-41.65	5.48	0.41
-41.73	16.69	-6.1
-33.28	15.71	-19.5
44.91	9.35	1.32
35.3	13.69	3.3
35.19	23.58	-6.45
63.48	-44.62	31.29
66.63	-30.85	30.1
-42.17	-49.25	49.62
-60.51	-54.42	25.73

// Buchel C, 1999: Unpaired Neutral Tone vs. Neutral Tone
// Buchel C, 1999: Time x Condition Interaction
// Subjects=11
0	27	18
24	6	-6
-18	9	-6
9	-12	3
-12	-15	6
48	12	-6
-54	12	-9
39	42	24
-39	42	27
66	-24	18
-57	-24	24
24	-3	-24
-21	-6	-24
33	-15	-24
-24	-15	-24

// Georgiou-Karistianis N, 2007: Normals
// Subjects=17
-46	-44	50
34	-36	56
-4	2	56
10	4	58
-34	-16	56
50	-14	44
-26	4	8
22	12	4
-6	38	14
2	40	10
-4	-36	40
4	-42	28

// Kerns J G, 2006: Incongruent, Activations
// Kerns J G, 2006: Regions on Conflict Trials Predicting Good Behavioral 
// Adjustments
// Kerns J G, 2006: Regions Active during Good Adjustment Trials for Both iI 
// and iC
// Subjects=26
-6.01	8.49	49.93
-45.34	-49.99	54.17
45.48	-34.21	57.38
-41.51	35.46	30.24
36.48	43.5	30.9
-1.82	13.12	40.58
-45.82	32.89	24.93
-54.21	9.21	35.93

// Liu X, 2004: Simon Incongruent > Simon Congruent
// Liu X, 2004: Stroop Incongruent > Stroop Congruent
// Liu X, 2004: Simon Incongruent > Simon Congruent and Stroop Incongruent > 
// Stroop Congruent
// Subjects=11
-12	44	0
-34	36	10
32	60	26
30	42	44
12	32	62
26	18	36
-12	-66	74
-36	-44	70
22	-62	74
-46	-36	28
30	-80	-12
-16	-52	-6
-46	-78	34
48	-78	34
-14	-96	20
42	-10	-32
-36	-20	-20
32	-38	-2
-48	-54	-10
-64	-14	-26
58	-68	-2
-56	-26	-4
-44	-56	8
42	-60	8
44	-26	18
-38	22	-30
-32	0	-26
-36	-20	16
36	-10	-2
34	-12	16
-4	-30	72
-44	-32	68
40	-20	64
36	-18	50
-32	42	10
-32	12	52
-30	42	-4
-44	-32	50
-6	-4	72
-28	-38	54
-42	-88	30
46	-58	-30
-24	-2	-44
26	-38	-18
-44	-50	-20
-40	-60	-2
40	-56	2
-54	16	-28
30	-32	22
-6	-34	40
-36	10	52
-42	-84	36
46	-56	-28
32	-32	22

// Maclin E L, 2001: Incongruent > Congruent
// Subjects=8
4.75	-1.67	55.12
13.51	-71.93	54.22
38.5	57.63	20.77
34.84	-27.16	66.95
4.79	-92.44	23.7

// Rubia K, 2006: Adult Normals
// Subjects=23
-51.32	27.97	3.1
-39.32	-35.4	8.27
33.94	50.21	-19.82
55.64	10.98	7.75
-38.5	35.71	5.65
-25.43	7.55	25.7
32.18	-4.05	8.17
8.7	-3.93	11.77
33.45	-52.51	14.45
29.92	49.58	13.73
48.34	-10.33	21.89
4.67	-3.59	44.13
-44.54	-22	30.63
22.57	2.58	12.18
4.67	-3.59	44.13
-10.37	-78.12	3.72

// Rubia K, 2006: Adolescent Normals
// Subjects=29
-58.69	-16.02	-.93
8.77	-55.89	0.52
-53.05	-7.36	41.77
-.41	68.18	-32.08
32.39	-39.23	21.15
31.21	-56.84	0.01
52.6	-14.79	18.87
-54.26	-19.83	18.29
-32.54	-40.31	54.33
6.84	-12.03	44.82

// Wittfoth M, 2006: Motion-Based: Incompatible > Compatible
// Wittfoth M, 2006: Location-Based: Incompatible > Compatible
// Wittfoth M, 2006: Motion-Based + Location-Based: Incompatible > Compatible
// Wittfoth M, 2006: Conflict-Based Activity of the Motion-Based Simon
// Wittfoth M, 2006: Conflict-Based Activity of the Location-Based Simon
// Subjects=20
1.92	6.94	65.29
3.91	14.41	53.31
-.6	20.7	40.44
-13.03	-57.45	66.31
1.41	-68.01	9.96
-5.06	-82.17	8.11
-61.94	-26.96	50.68
-68.93	-19.88	12
78.08	-17.67	16
10.08	-86.37	8.27
-37.8	-69.37	-13.89
-29.21	-63.16	-16.89
14.35	-85.61	4.76
-4.85	-89.33	23.39
34.25	2.07	57.38
27.85	-1.69	63.46
55.29	-66.63	-1.18
40.86	-35.24	59.84
-4.68	6.08	56.52
34.15	-76.35	33.76
10.08	-86.37	8.27
-.68	-83.87	12.69
5.72	-76.82	7.4
-2.52	8.22	56.28
3.9	15.48	53.21
-15.24	-53.41	63.71
1.41	-68.01	9.96
-61.94	-26.96	50.68
4.07	9.07	65.04
-68.93	-19.88	12
-.6	20.7	40.44
-37.8	-69.37	-13.89
-29.21	-63.16	-16.89
-4.85	-89.33	23.39
-24.01	-1.87	64.36
53.1	-66.84	-3.36
34.15	-76.35	33.76
44.26	-69.49	-19.75

// Rogers R D, 2000: Discrimination - Performance
// Rogers R D, 2000: Performance - Discrimination
// Rogers R D, 2000: Reversal - ID Shift
// Rogers R D, 2000: ED - ID Shift
// Rogers R D, 2000: ID Shift - Reversal
// Rogers R D, 2000: ID - ED Shift
// Rogers R D, 2000: Reversal - ED Shift
// Rogers R D, 2000: ED Shift - Reversal
// Subjects=12
-42	50	10
38	54	4
-24	52	-10
-48	14	38
52	20	22
-10	14	56
4	20	46
42	10	44
-30	-92	-10
-32	-64	44
34	-66	44
-18	-76	-20
44	-60	-26
4	-18	56
-46	-6	6
40	-30	14
50	-14	10
-6	16	8
-16	8	20
8	56	20
-6	34	0
-54	-70	34
-8	60	8
-54	8	44
16	46	26
38	-58	24
50	0	24
32	-82	24
56	-50	-14
-16	-100	-8
-26	-96	0
-44	-80	-10
26	-90	20
50	-56	-8
42	-40	-26
-20	-102	-10
36	-24	-4
44	6	-12
18	44	24
28	8	62
36	40	-8

// Stern E R, 2007: Position - Neutral
// Stern E R, 2007: Position - Word
// Stern E R, 2007: Position - Neutral, Positive Correlation with Behavioral 
// Cueing Effect
// Stern E R, 2007: Position - Neutral, Negative Correlation with Behavioral 
// Cueing Effect
// Subjects=14
32	46	-20
22	54	20
-2	6	48
38	-54	48
12	-72	48
-42	-40	48
12	-60	66
-32	-54	66
-36	-60	-30
26	-56	-26
-12	-62	-28
16	-12	16
16	-68	42
-54	-44	44
34	-50	42
52	-66	-10
36	46	40
-56	-64	22
64	-52	-4
12	-78	52
-22	-74	60
16	-62	70
36	-56	58
-42	-56	54
32	-64	32
28	-80	16
38	-92	-14
-22	-96	20
50	-8	34

// Carlsson K, 2000: Anticipation vs. Rest
// Carlsson K, 2000: Rest vs. Anticipation
// Subjects=7
36	24	-4
-32	28	-4
4	16	40
-20	-44	60
48	-44	48
52	-44	20
-52	-32	24
-4	-68	48
24	20	36
-28	24	44
28	-28	64
-24	-24	56
0	-16	48
-4	-56	32

// Dunsmoor J E, 2008: Unconditioned Response Diminution
// Subjects=18
0.28	30.69	29.49
54.58	46.58	8.57
-6.5	-69.17	-30.87
19.83	-82.41	-31.06
22.11	-44.18	-25.49
-31.09	36.39	-31.63
-46.18	-25.03	10.83
48.5	-22.5	10.31
-3.43	-16.46	-.53

// Buchel C, 1998: CS+ Unpaired vs. CS-
// Subjects=9
-3	15	33
-6	-9	-6
-33	27	-12
-39	3	54
-24	3	-24
6	30	42
9	-21	-12
51	24	-9
15	-66	36
48	12	39
6	6	54
27	-3	-24

// Bermpohl F, 2006: Expected Neutral vs. Unexpected Neutral
// Subjects=17
-48	52	-8
48	52	-4
-28	-24	-4
16	-4	12
-40	-60	-20
52	-52	-20
-60	-60	40
56	-60	44
-4	-84	16
4	-88	0

// Forstmann B U, 2008: Incongruent vs. Neutral
// Forstmann B U, 2008: Congruent vs. Neutral
// Subjects=24
-30	-82	18
-38	-66	46
22	-78	56
54	12	32
66	-56	16
10	-80	4
-30	-84	18
32	-86	18

// Sommer M, 2008: Incompatible > Compatible
// Subjects=12
-33.63	-10.82	64.14
33.32	37.31	33.68
-7.07	7.43	50.04
50.47	-60.92	0.46
-36.15	-65.39	-8.21
38.53	11.77	5.66
7.49	24.27	4.96
-14.76	-15.62	14.14
50.66	-32.55	37.11
-33.68	-54.2	39.9
18.78	-67.12	47.07

// Wittfoth M, 2008: Incompatible > Compatible
// Wittfoth M, 2008: Error, Compatible > Compatible
// Wittfoth M, 2008: Error, Incompatible > Incompatible
// Wittfoth M, 2008: (Error, Compatible > Compatible) > (Error, Incompatible > 
// Incompatible)
// Wittfoth M, 2008: (Error, Incompatible > Incompatible) > (Error, Compatible 
// > Compatible)
// Wittfoth M, 2008: (Error, Compatible > Compatible) + (Error, Incompatible > 
// Incompatible)
// Wittfoth M, 2008: (Error, Compatible > Compatible) + (Incompatible > 
// Compatible)
// Wittfoth M, 2008: (Error, Incompatible > Incompatible) + (Incompatible > 
// Compatible)
// Subjects=15
55.36	15.94	20.91
58.46	31.29	12.61
56.33	40.31	17.36
64.62	16.91	-15.2
71.2	14.36	-8.34
50.7	-47.89	-18.64
52.95	-58.1	-13.19
-15.17	-55.12	68.36
-41.25	-39.88	60.57
-50.94	-39.71	62.96
-61.9	-26.65	54.01
49.43	-35.72	54.14
-37.66	-78.21	-5.17
-44.09	-82.18	-1.31
60.82	16.38	25.25
35.47	27.86	-11.31
46.35	21.93	-6.42
8.05	31.68	42.57
-.68	32.09	35.95
7.86	24.8	26.44
17.05	15.81	67.52
71.87	-34.22	34.55
-1.1	43.22	5.72
-.86	30.74	21.52
3.43	38.2	20.71
1.53	-14.57	30.45
35.35	18.21	-22.68
-42.3	10.25	-11.6
-9.01	-65.14	41.23
12.6	-65.06	40.86
6.38	-59.82	62.86
0.92	-14.78	-17.71
3.08	-14.77	-17.74
-7.49	-5.39	2.8
-3.12	-22.5	3.3
7.68	-22.46	3.11
60.78	18.3	22.82
62.81	22.79	13.38
58.99	-22.69	43.72
65.43	-22.98	40.28
53.63	-35.58	43.96
51.69	-28.4	63.46
-61.91	-34.41	51.42
-53.34	-29.47	46.3
-66.66	-15.75	21.64
-60.15	-22.1	22.16
-60.42	-64.57	-7.25
-41.94	-82.28	-2.45
58.55	-64.28	0.78
-48.67	-43.67	-14
-42.33	-52.34	-26.7
1.01	-76.44	-22.81
-13.77	48.65	30.06
-14.19	43.3	-4.15
-5.43	38.74	4
-35.14	12.07	41.88
14.34	55.44	32.27
25.05	42.74	22.13
-5.72	35.49	-19.21
5.05	36.39	-21.72
-69.34	-13.11	-18.92
66.62	2.6	-30.63
66.62	2.6	-30.63
-25.05	-15.19	-20.59
14.66	-49.41	35.91
-11.34	-50.03	30.81
-2.68	-43.3	33.36
-41.41	-63.02	42.7
3.8	32.18	48.19
35.41	23.08	-16.44
-46.62	10.24	-11.53
6.04	17.51	51.85
61.91	15.42	26.45
-60.73	-38.03	58.48
64.41	-34.58	42.56
6.04	17.51	51.85
61.43	22.73	-10.12
-46.65	17.68	-12.26

// Coderre E L, 2008: Kana Incongruent > Kana Congruent
// Coderre E L, 2008: Kanji Incongruent > Kanji Congruent
// Coderre E L, 2008: Kana Incongruent > Kana Words
// Coderre E L, 2008: Kanji Incongruent > Kanji Words
// Subjects=9
10.92	18.94	32.14
-5.06	25.96	41.77
-5.49	51.08	-4.94
42.95	5.67	22.84
-46.5	-44.33	44.79
-5.11	25.45	35.12
10.91	28.72	34.66
-6.51	38.48	-2.76
-4.91	7.7	53.33
-49.98	8.8	30.34
8.84	22.79	40.76
39.87	3.68	38.66
-46.47	-50.68	45.32
-46.75	15.68	36.42
-2.86	23.32	48.65
43.18	-48	30.69
14.28	-91.46	7.9
-14.66	6.27	35.72
10.93	9.17	29.61
-9.21	14.02	52.85
47.38	-45.48	21.51
-8.31	-86.54	-8.98
14.23	-85.38	4.04

// Matsumoto E, 2004: Uncrossed Incompatible > Uncrossed Compatible
// Matsumoto E, 2004: Crossed Incompatible > Crossed Compatible
// Matsumoto E, 2004: Incompatible > Compatible
// Matsumoto E, 2004: Crossed > Uncrossed
// Matsumoto E, 2004: (Incompatible vs. Compatible, Uncrossed) + (Incompatible 
// vs. Compatible, Crossed)
// Subjects=20
-26	-2	56
26	-2	62
-12	-60	50
14	-36	64
-48	-30	44
-6	-62	62
28	-52	62
-54	-14	-2
58	-32	8
-44	0	0
34	14	-4
60	-18	42
-28	-2	54
28	-6	54
-58	-26	42
54	-22	38
-42	-30	44
40	-28	38
-10	-62	50
22	-60	58
-16	-8	60
20	-2	60
-32	-38	44
32	-36	42
-14	-66	52
-46	-10	40
50	0	34
-2	12	64
26	-4	62
-8	-56	58
14	-42	58
-42	-26	2
58	8	-6
34	-24	10
28	4	8
24	-6	58
-18	-8	60
2	14	50
44	-28	40
-46	-30	44
-10	-58	54
22	-60	58
-6	16	30

// Pierno A C, 2008: Main Effect of Type of Observed Behavior [(GT + GTD) - 
// (GAT + GATD)]
// Pierno A C, 2008: Interaction [(GT - GTD) - (GAT - GATD)]
// Subjects=12
-36	0	45
48	-3	51
27	-6	51
-27	-12	60
60	-36	15
36	-42	51
-30	-42	60
-24	-51	51
42	-48	-18
6	-63	3
-39	-69	9
54	-66	3
50	24	21
9	-78	-3
-3	-75	-3

// Gusnard D A, 2001: Externally Cued Condition (ECC) > Fixation
// Gusnard D A, 2001: Fixation > Externally Cued Condition (ECC)
// Subjects=24
-1.74	8.43	48.77
4.15	36.08	-7.14
-8.62	32.12	-2.2
-2.24	27.41	-8.57
8.43	16.39	-14.46
-.12	7.54	-18.08

// Adleman N E, 2002: Normal Adults
// Subjects=11
-35.31	28.26	31.32
66.44	-44.33	30.04
-28.21	-65.57	60.65

// Hooley J M, 2009: Healthy Controls
// Subjects=12
-58	-20	-4
62	-12	-10
2	-78	-14
-26	-82	-36
-2	-60	8

// O'Doherty J P, 2003: Learning Rate and Signed PE Response, Responding to 
// delta t(cs) & Signed(delta t(ucs)
// O'Doherty J P, 2003: Significant Effects to Slower Learning Rate
// O'Doherty J P, 2003: Delta t(cs) & Delta t(ucs) Components, Delta t(cs) 
// Masked with Signed Delta t(cs)
// O'Doherty J P, 2003: Delta t(cs) & Delta t(ucs) Components, Delta t(cs) 
// Masked with Absolute Value of Delta t(cs)
// O'Doherty J P, 2003: TD Analysis of CSneut Condition, Less Stringent Test 
// of Conjunction Between the Two Regressors
// O'Doherty J P, 2003: TD Analysis of CSneut Condition, PE Responses in 
// Reward & Neutral Conditions
// Subjects=9
-27	3	-9
27	-9	-9
15	45	-18
-18	-60	-30
-33	0	-6
-27	3	-9
27	-9	-9
-27	15	-3
-21	45	-9
-24	54	-18
-12	-21	-6
24	-15	-6
-30	-51	-30
24	-60	-30
0	-54	51
-42	-33	33
-57	9	27
54	12	18
48	48	15
-33	21	57
39	18	54
3	9	51
42	3	30
45	15	30
54	15	18
-33	33	3
18	54	6
12	-45	-18
-18	0	-9
21	36	-9

// Bach D R, 2009: Noisy, Ambiguity > Clear, Risk
// Bach D R, 2009: Noisy, Ambiguity > Noisy, Ignorance
// Bach D R, 2009: Conjunction:  (Noisy, Ambiguity > Clear, Risk) & (Noisy, 
// Ambiguity > Noisy, Ignorance)
// Bach D R, 2009: Risky Cues as Opposed to Ignorance Cues
// Subjects=20
32	-56	-8
30	-68	-10
44	-54	-4
-44	-58	0
-52	-60	2
-28	-68	-10
-30	-82	-8
32	-46	-14
10	-88	6
-34	-82	20
-28	-76	38
28	-70	-14
38	-52	-14
30	-56	-8
-28	-68	-10
-20	-74	-12
-26	-80	-8
8	-86	2
-10	-94	2

// Chikazoe J, 2009: Infrequent-Go vs. Frequent-Go
// Subjects=25
32	52	-2
30	52	14
26	-4	64
-50	10	34
42	-4	40
52	0	40
-50	6	46
-4	12	60
-24	-68	46
22	-64	46
28	-74	22
-32	-64	-14
-36	-54	-22

// Ye Z, 2009: Effects of Congruency in Stroop Task
// Ye Z, 2009: Effects of Congruency in Flanker Task
// Subjects=19
0	16	50
-38	28	0
-44	14	22
-40	-46	52
-40	-86	-6
-42	-56	-32
-50	-54	-20
40	22	8
32	30	-14
50	14	2
38	-86	-6
34	-86	4
44	-50	-28
54	-50	-22
-38	-42	46
-46	-58	-10
-44	-68	-8
54	-64	-12
42	-86	-2
28	-56	-32

// Ghahremani D G, 2009: 1st Post-Reversal Trial vs 2nd Acquisition Trial, 
// Correct Responses Only
// Ghahremani D G, 2009: 2nd Acquisition Trial vs 1st Post-Reversal Trial, 
// Correct Responses Only
// Ghahremani D G, 2009: 1st Reversal Trial Errors vs 1st Acquisition Trial 
// Errors
// Ghahremani D G, 2009: 1st Acquisition Trial Errors vs 1st Reversal Trial 
// Errors
// Subjects=16
48	36	-18
50	-18	-12
54	-48	28
60	-44	2
46	2	-18
10	-56	22
24	-40	-20
30	-62	-22
28	-60	-30
50	34	-18
34	16	-20
44	30	-6
46	12	44
50	0	-34
8	8	14
-10	0	16
10	-14	10
-14	-28	10
20	-26	10
2	-12	-14
44	-52	34
14	-62	24
36	-42	-22
32	-86	2
56	-76	-6
36	70	-24
-46	-82	0
-50	-70	-30
-40	-88	-2
-56	-58	-28

// Shulman G L, 2002: Test Period, Mixed > Blocked Cues
// Subjects=19
-35.63	-54.53	63.37
-44.55	-3.43	36.88
-44.46	-2.57	47.96
-17.15	-75.33	-42.16

// Corbett B A, 2009: Healthy Controls
// Subjects=15
40.43	-55.99	21.56
21.53	-7.5	-9.81
-31.33	-83.69	-18.18
25.96	-92	-18.34

// Talmi D, 2008: High Attention (HA) > Low Attention (LA): Scrambled Pictures
// Talmi D, 2008: HA > LA: Neutral Pictures
// Subjects=11
31.61	-56.04	51.57
-26.16	-80.13	34.18
-28.39	-88.83	18.21
-32.02	-48.16	-19.74
50.34	-57.81	-14.3
30.97	-34.12	-22.75
51.48	6.61	20.44
-51.04	5.54	29.51
-26.17	-1.17	64.36
-32.08	14.89	-2.72
38.43	15.14	-5.78
-1.84	23.87	41.91
37.84	-84.21	17.06
31.46	-46.58	36.28
23.56	19.33	8.54
32.48	-5.37	46.19
49.44	3.23	31.9
-27.33	-6.52	50.32
47.29	-42.03	11.18
33.01	-14.27	-27.78

// Hasenkamp W, 2012: Aware > MW
// Hasenkamp W, 2012: Shift > MW
// Hasenkamp W, 2012: MW > Shift
// Hasenkamp W, 2012: Positive correlation between practice time and aware 
// phase
// Hasenkamp W, 2012: Negative correlation between practice time and shift 
// phase
// Subjects=14
-44.44	-27.57	41.13
41.68	1.33	-5.77
-8.3	9.05	29.84
-33.2	22.03	-6.65
-5.4	-20.42	-21.25
-29.21	-50.01	66.26
-28.83	53.8	18.52
45.86	59.74	6.01
-12.56	-6.2	25.59
26.84	-11.74	5.53
60.38	-38.06	47.5
-46.32	-53.45	64.51
45.07	41.78	35.4
52.67	-28.36	22.24
-17.79	-58.91	18.92
-51.86	-13.82	54.56
27.2	-95.9	18.16
16.4	13.83	48.11
-36.91	-83.08	24.51
53.88	-77.42	20.76
1.94	34.16	-18.11
28.87	-29.39	-16.43
-52.35	-10.07	-7.08
-26.89	-9.68	-31.94
-46.21	-8.46	-41.86
4.7	-5.45	47.63
17.96	57.23	-10.19
-61.92	-14.08	-3.03
-20.34	-.53	-10.48
36.29	-45.26	-29.68
46.17	-42.55	4.55
-48.89	-20.68	20.53
32.99	14.08	-19.01
-11.69	-59.84	-21.22
-61.9	24.62	15.77
-9.04	-5.04	67.83
36.42	-0.05	4.44

// Solomon M, 2009: Normals
// Subjects=23
-20.16	-92.96	8.32
-57.69	-40.64	41.88
29.59	-88.02	12.58
60.57	-35.77	-4.32
-31.72	51.25	-21.44
14.42	27.58	32.78
3.91	12.29	53.52
-51.02	13.96	-17.42
31.05	58.89	-12.06
38.68	7.27	66.87
-46.02	7.05	34.72
1.45	-12.96	24.69
-22.53	50.98	21.01
-37.56	37.41	25.97
25.69	17.97	67.16
35.49	28.07	-9.09

// Subjects=0

// Bryant R A, 2005: Controls
// Subjects=14
6.38	-78.42	59.09
3.6	-102.76	5.52
12.03	-99.93	-10.59
-52.03	-37.59	62.77
68.76	-25.64	46.09
13.97	25.32	-2.85
7.49	-86.31	-25.31
-24.95	16.26	-5.77
66.01	22.49	9.99
50.36	46.98	-25.78
22.98	63.12	33.6
72.49	-14.68	2.36
-7.46	0.34	6.71
0.85	28.49	-14.14

// Belger A, 1998: Shape Task > Fixation
// Belger A, 1998: Location Task > Fixation
// Subjects=18
23.61	57.17	29.9
33.31	40.48	33.42
-34.12	37.91	19.91
45.92	38.42	5.57
-37.43	34.57	4.61
35.36	-55.95	-16.51
-37.33	-57.7	-18.87
47.16	-56.51	-11.02
-44.78	-57.49	-15.46
-56.45	-59.96	-5.08
-59.45	-31.52	32.71
31.54	-50.13	45.5
-35.82	-54.22	39.92
6.3	49.38	-.48
-1.14	51.97	6.08
-22.43	36.24	10.99
50.2	37.39	5.6
-24.83	44.48	-19.78
7.99	-51.84	39.22
-4.2	-57.51	-19.27
3.65	-39.35	35.99
6.81	-37.64	30.24
51.67	-47.49	22.74
-59.69	-41.66	-2.12
48.59	-56	36.87
-53.03	-62.12	21.82
31.58	-49.7	51.04
-29.31	-60.89	49.33

// Subjects=0

// Subjects=0

// Subjects=0

// Subjects=0

// Fassbender C, 2006: Cue-Related Activations
// Fassbender C, 2006: Cued and Un-cued Correct Responses to Incongruent 
// Stimuli
// Subjects=15
-55.38	16.97	26.37
-40.45	14.52	20.83
38.64	23.97	25.82
43.02	10.76	33.57
26.13	-.32	56.99
-42.43	5.13	37.25
34.79	-50.74	51.09
-34.64	-49.84	55.15
-49.69	-37.67	48.73
-21.85	-58.82	47.95
32.2	-48.86	-7.03
9.78	26.97	25.9
13.12	-13.37	27.01
-32.06	21.75	3.4
33.08	23.82	-3.1
32.4	12.52	43.58
-47.82	8.99	32.53
52.62	19.45	34.96
-50.03	25.81	30.03
53.55	24.6	18.9
-41.56	34.95	23.59
-32.63	2.67	59.65
44.94	37.07	15.73
-41.69	48.98	12.38
26.6	56.02	0.97
3.49	26.01	41.66
-1.91	35.24	37.61
-46.53	-24.87	48.74
37.98	-50.89	48.83
-35.72	-37.87	58.62
-36.82	-54.68	47.78
24.21	-57.43	61.81
54.92	-38.15	33.07
11.36	-57.76	58.64
25.16	-67.43	42.56
-8.97	-60.43	53.52
-.49	-54.46	47.34
32.19	-46.83	-8.32
-36.17	-52.44	-5.95
-47.86	-57.28	1.29
49.27	11.29	12.26
-35.2	13.61	8.58
30.96	19.67	-1.61
-27.83	23.46	-2.37
11.8	11.52	4.87
0.04	-17.16	-7.09

// Gonzales Andino S L, 2010: Positive Correlation Between Gamma Band 
// Oscillations and Reaction Time
// Subjects=12
-33	5	53
-3	-12	56
-51	-57	18
-29	3	1
22	-70	35
37	4	57
60	-32	-8
35	29	-13
33	17	-13

// Rowland L M, 2010: Healthy Controls
// Subjects=17
50	4	40
20	-18	52
50	38	6
40	10	26
-6	4	28
32	30	4
-12	-44	-2
12	-42	-2
8	-52	12
8	-58	38
-8	-52	12
-38	-70	34
-10	-36	28
14	-88	2
34	-82	2
26	34	-6
10	-22	44
-8	-52	58
32	-72	-16

// Olivers C N, 2005: Search-related Activity: Full-set vs. Single-set
// Olivers C N, 2005: Preview-related Activity: Preview vs. Single-set
// Olivers C N, 2005: Preview-related Activity: Preview vs. Full-set
// Subjects=12
48.24	16.11	19.68
34.18	34.03	4.95
-44.79	21.55	15.83
-35.2	29.01	15.09
-41.41	0.31	29.84
12.41	-56.87	56.32
-4.63	-60.78	62.42
29.33	-56.45	32.67
15.67	-55.2	63.95
-2.47	-64.91	63.86
15.51	-57.97	41.88

// Siniatchkin M, 2012: healthy controls
// Subjects=14
2	18	34
-42	6	-2
50	18	-2
-30	52	10
28	60	10
-4	14	2
12	6	10

// Scherf K S, 2010: Typically-developing (TD) Controls
// Subjects=10
-35.3	-79.75	-42.7
18.45	-88.15	-4.69
-3.95	-91.12	0.27
33.61	-77.2	25.44
-21.96	-84.14	23.31
23.19	-64.58	65.76
-7.81	-66	64.01
67.6	-12.15	24.06
63.24	10.03	22.25
-32	15.74	8.36
-40.6	34.98	10.19
-40.6	34.98	10.19
25.8	-65.27	-12.27
-24.42	-66.63	-11.58
8.88	-84.44	2.91
34.58	-82.63	10.27
-22.04	-88.25	11.39
38.05	-44.66	60.58
-30.33	-51.58	59.71
-57.27	-27.74	40.18
64.42	-15.17	26.58
-46.71	-30.1	22.41
-45.92	34.07	12.56

// Rudie J D, 2012: Typically Developing Controls
// Subjects=25
0	-52	56
6	-34	46
66	-34	42
-48	-52	36
44	-46	38
-42	-56	56
44	-48	58
-24	-46	46
50	-70	36
-40	-84	32
-2	32	36
18	8	58
-18	10	62
20	60	0
-22	64	-4
34	24	38
-38	34	36
10	34	16
36	4	36
-50	0	36
58	16	14
-56	10	18
50	4	42
-52	4	42
46	44	-4
-44	40	18
38	40	28
-26	-2	54
38	20	-2
-32	22	2
4	14	50
10	18	30
64	-32	30
-50	-42	52
26	-52	50
-30	-48	42
34	-80	24
-36	-88	20
16	-78	54
-22	-60	46
54	-44	10
48	-24	-6
44	-50	-10
16	42	-18
18	0	14
20	2	8
-18	-2	6

// Barros-Loscertales A, 2011: Healthy Controls
// Subjects=16
15	14	52
15	9	55
-45	22	32
42	-1	36
59	21	7
-45	22	29
53	-26	-1
45	-64	-2
33	-53	52
-30	-64	53
50	-42	38
-36	-45	38
-15	-11	6
15	-5	11

// Subjects=0

// Alonso-Lana S, 2016: Healthy Controls
// Subjects=28
-50	8	28
36	22	4
44	-44	52
6	-76	40
2	66	-8
60	-10	-16
-52	10	24

// Rodriguez-Cano E, 2017: Healthy Controls
// Subjects=26
-54	-2	48
-38	-44	44
36	-2	50
-42	-72	-12
34	-50	42
4	-78	50
-4	68	26
-42	-76	36
-62	-12	-18
2	16	48
-2	50	-14
6	-52	18
18	-92	36

// Barbeau E B, 2015: Healthy Controls
// Subjects=24
40	-24	64
-36	-22	66
26	-70	-12
-46	-74	8
-20	-76	-8
-26	-80	20
-20	-58	50

// Haist F, 2005: Healthy Controls
// Subjects=8
49.41	1.83	27.55
-42.51	5.42	27.19
42.26	-13.54	63.49
32.5	-5.19	48.41
-31.65	1.82	48.56
42.87	31.14	21.82
49.25	35.32	20.28
-33.21	50.55	4.34
-33.22	56.98	4.92
41.88	12.18	24.54
-54.25	-2.14	26.85
5.64	21.8	41.99
-2.9	20.69	42.18
-8.32	15.48	30.42
16.23	18.63	27.64
46.57	-24.09	64.33
-53.02	-20.31	39.51
-51.95	-41.08	32.31
27.37	-64.44	53.44
-28.19	-63.63	55.12
22.03	-69.93	51.73
-7.92	-60.59	51.29
-51.86	-44.62	41.53
61.22	-46.97	14.78
64.39	-47.3	10.31
-53.18	-41.66	11.19
38.87	-87.97	9.55
48.28	-68.05	-8.95
-39.39	-62.4	-10.65
-32.94	-69.68	-9
33.17	14.91	5.45
-32.02	16.63	6.06
16.19	-16.92	8.32
-12.72	-1.23	7.33
-16	19.9	5.6
23.62	-3.13	7.08
-.99	-55.2	-17.27
6.47	-75.22	-29.06
43.82	-63.36	-30.48
-25.64	-55.06	-27.04
-26.26	-3.17	52.26
-43.43	2.55	45.29
-53.16	9.04	33.7
-34.27	49.48	4.44
56.85	8.04	24.72
-48.91	7.75	30.42
-51.03	8.97	32.57
3.65	-4.22	49.77
-3.9	12.65	48.45
11.14	-1.81	52.83
11.35	-22.73	71.31
-51.91	-20.93	45.12
48.65	-35.68	51.9
-6.87	-61.82	49.15
30.41	-75.02	26.41
65.47	-47.2	11.41
-42.44	-46.62	14.83
50.56	-73.18	7.07
32.12	15.07	7.68
-30.93	17.95	9.28
-40.52	5.03	8.24
-9.49	-13.01	6.05
25.69	9.4	3.77
7.56	-76.01	-25.66
47.31	21.96	40.39
-48.01	34.48	18.13
55.5	29.24	-3.81
-56.55	21.4	14.86
-51.35	26.49	-2.35
38.82	23.57	48.15
4.33	52.23	22.73
66.64	-15.45	36.61
-42.19	-19.76	59.41
-3.8	-64.31	30.36
51.72	-69.95	21.28
-45.55	-63.13	21.82
40.97	-58.64	17.11
-45.58	-60.22	18.23
67.31	-11.81	-12.77
-56.75	3.94	-18.24
25.68	-33.64	-16.04
-27.77	-40.73	-20.41
40.75	-64.21	-13.65
-27.72	-42.41	-14.69
-37.18	-22.18	13.83
0.08	-73.94	-25.75
2.09	-66.41	-38.67

// Doll A, 2016: [Attention to breath(ATB)-Passive viewing(PV)]picture - 
// [ATB-PV]no-picture
// Doll A, 2016: ATB - PV
// Doll A, 2016: [PV-ATB]picture - [PV-ATB]no-picture
// Doll A, 2016: PV - ATB
// Doll A, 2016: [PV-ATB]picture
// Doll A, 2016: [ATB-PV]picture
// Subjects=26
-60	-40	25
-60	-40	16
-57	-55	7
0	-46	52
66	-34	28
60	-46	13
63	-40	46
6	23	40
-6	32	25
-36	-49	16
-48	-28	-2
-63	-46	22
-9	50	37
-15	26	52
-6	23	37
-12	35	28
-36	23	46
24	-7	-14
30	-7	-14
30	-4	-17
-45	-31	-2
-45	-49	22
-60	-37	37
-57	-46	16
-9	-49	43
0	-70	28
9	-34	43
0	-46	55
-24	14	55
-15	8	64
12	-7	67
18	2	67
0	-1	40
3	2	49
-6	23	37
-6	32	25
-51	5	10
-48	11	-5
51	-40	22
69	-28	31

// Wilbertz G, 2013: Healthy Controls
// Subjects=12
-6	50	31
-9	-97	19
48	-70	1

// Laurens K R, 2005: Control Subjects
// Subjects=28
-24	-4	-24
20	-8	-16
-28	-20	-12
32	-20	-12
-52	12	-16
56	8	-12
-36	20	-12
36	16	-4
-36	16	-12
40	8	-12
0	32	28
4	28	36
-4	4	36
0	-36	28
-64	-36	20
56	-40	4
-60	-48	24
64	-28	32
64	-48	-8
-36	-64	52
36	-60	48
-4	-60	48
8	-76	36
-36	-56	40
36	-60	44
-48	4	36
52	16	28
48	4	48
16	52	28

