// Reference=MNI
// Bush G, 1998: Interference - Neutral
// Subjects=9
47.2	32.91	30.55
-47.94	22.05	22.51
14.15	13.67	32.54
-58.6	-.82	16.75
-41.34	-2.26	37.86
47.17	-49.83	-7.12
-28.25	-65.37	46.35

// Subjects=0

// Subjects=0

// Rushworth M F, 2001: Response Switch Right vs. Left
// Subjects=20
-33	-72	38
-23	-71	50
-33	-60	54
17	-64	52
-29	-69	55
10	-73	55
-11	-63	51
-6	-71	48
-4	-77	44
3	-61	52
9	-57	48
-48	-41	48
-53	-34	43
-38	-44	39
50	-35	30
29	-40	45

// Sturm W, 1999: Alertness - Control
// Subjects=15
8	30	32
36	36	32
30	46	4
54	-52	24
60	-28	-12
-24	36	0
18	-18	20
12	-22	8
46	4	-12
1	-30	-12

// Simon O, 2002: Attention vs. Attention Control
// Simon O, 2002: Attention Only
// Subjects=10
4	4	60
-36	44	32
-28	-8	64
24	64	28
40	16	36
48	36	0
44	-40	52
24	-64	60
-36	-60	60
56	-44	32
-4	-60	48
8	-64	52
-4	-52	52

// Bunge S A, 2002: Incongruent vs. Neutral
// Subjects=10
-34	8	38
42	32	26
52	20	22
34	24	38
34	44	40
-14	18	52
14	22	48
-34	-60	34
-34	-40	54
40	-44	56
-52	-18	46
56	-22	44
50	-26	44
-16	-36	70
-22	-28	66
-18	-4	64
-12	-18	58
26	8	66
-4	-22	58
10	32	22
10	18	38
-8	12	38
-10	-34	36
16	-34	34
-16	-24	12
20	-18	10
46	-40	18

// Subjects=0

// Subjects=0

// Subjects=0

// Sohn M H, 2000: Foreknowlege Effects
// Sohn M H, 2000: Transition Effects
// Subjects=12
-56.09	-28.82	53.64
-36.85	-49.48	46.23
-41.27	-12.58	42.07
9.75	5.76	13.18
25.76	-1.97	8.07
57.66	30.57	-.6
57.76	-1.32	-.16
7.88	-18.89	38.69
20.87	-59.96	43.1
29.13	29.34	41.09
-37.93	-72.63	35.92
16.43	-51.76	25.73
20.72	-70.31	19.43

// Dassonville P, 2001: Symbolic/Direct - Spatial/Direct
// Subjects=8
-39.28	4.55	29.46
-15.38	-68.13	50.89
-29.4	-55.23	39.93
-6.85	-68.25	48.57
-23	-77.29	29.44
-27.49	-87.2	-2.02
-43.73	9.33	9.03
20.92	-78.11	42.39
32.62	-59.89	42.96
5.72	15.97	49.17
38.79	-92	-1.26

// Steel C, 2001: Stroop Interference vs. Control
// Steel C, 2001: Stroop Facilitation vs. Control
// Steel C, 2001: Stroop Negative Priming vs. Stroop Interference
// Subjects=7
7.43	52.19	8.2
-2.06	41.44	21.48
13.88	40.6	9.1
4.19	46.37	2.03
11.06	-61.99	17.73
-1.9	12.26	29.5
-8.34	18.57	29.04
14.2	-57.2	10.6
1.38	-71.45	6.37
-23.26	-66.82	-.43
1.07	49.41	14.08
-8.38	42.35	33.74
-39.59	12.39	-6.88
38.51	13.79	4.37
-29.95	21.42	-1.06
-23.51	25.05	4.14
-26.77	27.78	-1.63
14.3	-58.37	22.97
19.74	-60.57	35.36
-7.95	-59.79	47.88
-1.96	-72.93	-12.43
-26.11	-35.7	58.33
28.73	30.77	-9.21
-51.24	10.08	5.71
-26.62	-37.66	-8.41
13.97	-32.13	-9.34
38.51	13.79	4.37
53.84	-33.93	32.73
42.2	-27.26	51.26
-54.03	-37.23	40.94
-1.95	23.9	28.52
10.77	41.52	21.32
-1.88	31.18	40.18
-1.75	-28.98	32.95
11	-7.75	31.03
14.2	-57.2	10.6
10.96	40.23	45.96
11.06	25.86	52.74
4.64	16.93	47.99
-16.72	23.58	53.25
-11.22	-54.95	41.93
16.7	-53.42	59.33
1.58	-60.68	35.57
7.94	-49.01	34.52
1.42	-80.97	7.17
38.57	36.4	21.43
43.83	44.38	14.01
-39.24	19.33	41.6
32.44	23.87	52.66
-1.54	-35.55	58.04
4.81	-29.6	51.89
1.45	-77.37	12.44
50.25	17.04	3.96
50.52	7.72	34.85
41.92	10.41	29.15
25.65	-14.09	-10.99
-5.25	-1.27	6.14
10.91	39.72	39.31
-54.06	-28.77	40.23
42.02	-29.14	26.89
-44.62	-32.72	15.92
-51.14	-41.61	-2.22
-50.93	-59.19	18.21
4.33	47.83	20.87
-54.43	4.78	6.19
-48.1	28.08	4.17
-39.38	-18.39	7.96
-39.22	-71.69	6.86
-8.37	-9.24	13.53
-23.15	28.82	52.89
35.8	-17.35	56.08
-16.56	6.54	66.95

// Carter C S, 1995: Incongruent - Neutral
// Carter C S, 1995: Incongruent - Congruent
// Subjects=15
-21.97	-11.78	50.7
-7.33	26.78	25
13.89	49.48	13.93
-52.3	5.76	4.97
44.03	-18.35	14.81
48.6	-32.85	47.2
12.13	13.8	48.17
-38.96	-50.29	49.67
23.06	-69.3	46.09
22.46	54.11	17.9
-13.5	-100.43	4.51
-24.21	-48.03	22.54
31.31	-37.12	20.99

// Subjects=0

// Subjects=0

// Subjects=0

// Subjects=0

// Peterson B S, 2002: Simon Incongruent vs. Congruent
// Peterson B S, 2002: Stroop Incongruent vs. Congruent
// Subjects=10
31	0	45
-32	-3	43
29	-75	10
-28	-77	9
11	17	21
-10	13	24
43	-49	-10
-46	-52	-10
45	-38	32
-45	-37	31
44	8	13
-44	5	14
40	32	9
-39	34	9
32	0	43
-35	0	43
23	-79	10
-26	-78	8
11	17	22
-10	15	24
44	-50	-10
-46	-51	-10
46	-37	29
-46	-35	28
44	8	13
-45	7	14
41	31	8
-41	30	8

// Bench C J, 1993: Normals Group 1
// Subjects=6
35.37	34.78	-17.59
35.44	30.94	-12.73
35.5	29.23	-8.08
5.65	-.7	17.8
-19.69	-64.24	51.41
23.59	-65.8	55.31

// Marois R, 2000: High Interference vs. Low Interference
// Subjects=10
32.71	-56.75	56.08
34.8	-63.85	46.61
-34.64	-48.69	56.17
51.53	13.73	29.88
55.89	12.41	39.97
3.47	26.9	39.36
5.54	24.03	29.54
-58.37	-52.21	26.63

// Shaywitz B A, 2001: Select - Simple, Activations
// Shaywitz B A, 2001: Divide - Select, Activations
// Shaywitz B A, 2001: Complex Divide - Select, Activations
// Subjects=25
-27.35	3.16	51.74
-35.72	-44.47	55.83
-34.72	-47.35	46.03
47.32	17.64	39.63
-49.77	-43.98	35.88
-43.6	20.56	30.4
53.62	27.49	28.7
-44.75	20.84	20.35
35.42	14.97	19.92
-35.23	48.39	17.93
-58.52	-31.83	14.89
-50.29	33.01	-.68
-56.48	-26.24	4.36
63.17	-18.12	2.3
14.29	-91.38	9.01
-56.57	-26.04	-6.81
60.96	-21.11	-8.57
-5.11	-69.09	-3.79
23.11	-61.04	56.55
-31.54	-39.93	45.37
34.77	-55.39	45.9
-30.56	-38.58	35.21
33.63	-58.29	36.12
-53.21	-43.14	5.74
25.43	49.53	-14.09
-52.22	-45.05	-5.27
-41.04	-50.85	56.43
41.23	-48.24	55.26
-35.79	-46.3	45.95
36.89	-52.21	45.61
35.61	5.94	40.75
-4.04	36.37	38.65
37.92	-61.43	36.34
-45.73	17.37	30.69
44.02	22.14	29.26
2.63	-55.3	36.23
-46.89	20.83	20.37
44.98	29.84	18.56
34.22	50.92	16.92
56	-58.92	25.88
27.69	60.68	6.14
43.82	34.35	8.16
-25.84	65.94	-3.72
31.88	62.05	-4.06
37.17	54.89	-14.67

// Subjects=0

// Brown G G, 1999: Incongruent - Neutral
// Subjects=8
8.76	28.53	32.47
-1.89	17.89	33.49
-42.7	17.71	7.2
24.05	-62.4	38.81

// Subjects=0

// Subjects=0

// Subjects=0

// Subjects=0

// Subjects=0

// Taylor S F, 1997: Normals, Group 1
// Subjects=12
28.87	59.69	20.71
36.31	46.1	9.49
45.84	28.76	-9.24
47.94	48.15	-6.43
21.35	33.95	5.11
4.29	39.74	12.62
-50.2	29.55	9.64
57.87	18.45	21.6
-35.84	-44.61	40.23
28.86	22.2	3.78
38.44	16.37	-3.65
-28.93	15.45	-9.49
47.95	60.38	0.35
-50.27	31.07	1.71
-45.8	21	22.58
-28.95	54.8	3.94
-38.04	8.56	53.64
-30.95	-44.81	-17.8
-24.02	-63.58	41.69
-40.08	-39.81	47.68
-28.93	18.79	-7.54

// Brass M, 2001: Congruent vs. Incongruent
// Subjects=10
7.39	64.96	8.24
39.62	42.84	22
-23.26	34.23	40.17
39.18	-42.99	68.23
2.85	-78.33	54.88

// Peterson B S, 1999: Incongruent vs. Congruent (Increases)
// Subjects=34
-14.76	-7.96	16.84
16.09	8.37	5.08
17.3	-7.77	16.46
-6.16	-21.66	17.89
9.87	-21.56	17.7
-23.67	46.49	-7.69
22.33	53.88	1.19
20.36	51.18	21.52
-45.85	39.15	23.29
-44.69	35.7	33.6
48.03	40.29	2.04
47.11	40.77	22.08
-53.31	11.9	15.62
-48.88	12.41	35.6
53.63	12.25	24.4
-6.28	30.93	23.52
-6.18	23.24	34.2
8.68	31.02	23.34
-51.08	-54.13	1.06
-52.34	-1.27	-3.36
-27.37	-86	13.5
-19.78	-93.64	24.09
31.41	-86.7	12.88
21.89	-93.39	23.59
20.83	-74.65	32.06
22	-80.22	42.55
-13.68	-53.91	0.61
-14.29	-72.26	52.34
16.7	-72.08	51.97
-52.31	11.14	5.64
-50.94	-8.75	37.4
54.55	11.78	4.35
53.79	-9.18	36.23
-53.02	-45.49	30.47
-42.16	-49.17	50.72
55.98	-44.83	29.16
46.53	-48.64	49.66
-17.64	-74.88	32.53
-19.68	-79.41	42.97
25.61	54.67	11.13

// Subjects=0

// Subjects=0

// Milham M P, 2001: Incongruent > Neutral
// Subjects=16
44.14	13.48	41.13
1.4	15.51	43.68
-23.97	-67.46	46.47
-43.51	6.1	36.07
-35.14	24.15	21.08
-34.68	-50.27	49.61
-43.24	-43.8	51.4

// Corbetta M, 1998: Attention vs. Fixation
// Corbetta M, 1998: Attention vs. Eye Movement
// Subjects=6
28.49	-56.26	62.77
-25.01	-52.87	56.41
19.95	-62.83	61.19
-18.48	-60.43	68.12
30.46	-75.57	33.15
-25.16	-76.41	27.16
45.3	-2.03	46.88
-35.91	-4.63	48.03
38.73	2.9	28.7
32.58	3.32	62.19
-27.34	-8.81	48.28
-3.78	5.05	60.23
13.44	-4.57	71.99
-36.18	32.06	27.11
49.33	35.03	30.34
62.16	6.59	19.2
45.13	-43.35	7.97
47.36	-68.72	10.07
30.36	-89.8	14.27
45.22	-77.53	6.38
32.29	-85.32	-10.67
41.21	-41.9	54.73
17.82	-64.96	61.4
32.6	-75.55	33.12
38.88	0.05	46.78
49.5	-.58	37.79
32.53	0.69	55.72
0.43	8.79	53.18
4.84	-5.13	65.45
36.37	48.9	18.18
51.45	8.47	16.94
38.54	11.94	7.87
-32.04	21.92	5.61
64.37	-49.75	6.06
47.34	-68.89	7.86
17.55	-98.5	12.91
-22.99	-98.06	22.26
42.98	-91.78	-12.48
38.56	-71.34	-23.06
-36.38	-51.32	-32.8

// Subjects=0

// LaBar K S, 1999: Spatial Attention
// Subjects=11
-48	-72	3
57	-54	3
54	-66	3
-30	-87	0
-42	-78	3
-24	-63	-3
33	-84	12
42	-81	0

// Subjects=0

// Thiel C M, 2004: Invalid - Valid Spatial Cues
// Subjects=15
27	-60	45
-12	-60	45
-36	-45	42
45	-69	15
27	9	45
-39	0	48
-36	24	33

// Subjects=0

// Winterer G, 2002: Target Identification vs. Fixation
// Subjects=6
-11.63	-24.03	1.43
16.16	-16.12	4.9
-3.85	-85.69	15.43
2.59	-85.39	18.68
-39.22	-71.69	6.86
41.99	-70.15	5.79
-4.98	1.47	41.59
3.66	-7.4	50.04
-21.09	-22.55	21.48
60.18	-37.92	21.84
-37.43	-10.41	-12.8
39.58	-13.66	-6.72
-54.44	4.61	3.98
-23.44	0.56	3.96
32.11	6.18	2.85
-18.04	-65.79	-15.07
10.83	-62.19	-12.36
-2.7	-3.58	58.71
2.55	15.23	53.73
-35.81	-22.27	53.97
36.88	-27.12	53.54

// Astafiev S V, 2003: Attention vs. Fixation
// Subjects=15
-25.02	-61.84	50.47
-29.24	-59.06	59.21
24.21	-62.97	58.93
28.39	-57.29	49.48
34.87	-56.57	58.27
-31.47	-49.02	51.7
43.41	-50	59.85
-16.43	-63.56	54.98
0.66	-52.54	58.32
4.9	-44.06	57.56
-29.45	-6.37	52.56
38.91	0.39	51.21

// Beauchamp M S, 2001: Shifts of Attention vs. Fixation
// Subjects=9
-29.44	-3.99	55.71
33.61	-2.47	55.97
-42.44	1.79	35.3
44.14	2.48	36.48
-1.59	0.12	65.08
-26.07	-54.99	56.6
30.58	-56.76	56.1
-41.35	-71.62	7.99
47.33	-69.06	5.64
0.66	-63.46	54.78
3.66	-82.13	19.51
1.31	-78.82	-6.39

// Subjects=0

// Subjects=0

// Subjects=0

// DiGirolamo G J, 2001: Young Normals
// Subjects=8
-26.99	72.73	-12.09
-33.4	68.29	-13.87
-56.28	-13.18	35.6
-41.45	16.34	30.72
-39.6	24.36	-3.43
-31.06	30.93	-1.84
-24.21	15.7	48.42
-.73	22.19	47.61
-45.79	35.35	29.18
-45.88	41.01	19.79
-15.61	-95.7	10.83
-19.81	-95.04	19.74
-17.82	-87.77	3.5
-.27	-67.55	70.74
-28.25	-60.97	48.21
-47.89	-49.88	0.67
-60.75	-59.1	-7.33
47.85	58.21	-13.96
4.94	78.24	-26.3
50.43	18.84	27.23
56.61	20.88	-2.01
54.56	43.73	18.4
31.38	14.09	50.15
5.62	30.34	42.39
56.87	23.62	33.45
18.64	-94.98	17.07
16.44	-93.39	10.27
27.02	-76.93	2.07
42.31	-42.6	59.24
35.88	-60.42	49.66
48.34	-64.11	0.75

// Subjects=0

// Kimberg D Y, 2000: Switch - Repeat
// Subjects=9
-35.79	-21.04	56.1
-37.32	-65.28	-20.47
-26.08	-62.82	51.68
18.64	-4.93	53.01
-3.1	-28.64	-3.86
33.76	-49.34	55.44
32.99	28.42	-12.41
53.71	-80.28	-2.41
61.22	-3.05	32.29

// Subjects=0

// Milham M P, 2003: Oddball
// Subjects=16
-28.4	-95.44	15.41
-34.99	-84.16	-3.3
-17.67	-97.14	19.89
-32.59	-85.8	30.27
35.77	-94.54	21.29
27.22	-103.39	17.67
42.19	-92.21	23.25
-28.89	64.2	15.41
-41.54	22	21.33
-45.87	19.18	12.69
-45.61	13.11	44.43
-37.61	60.15	-8.68
46.23	12.98	34.46
5.53	40.4	34.86
-30.36	-58.53	52.49
38.02	-56	51.49

// Subjects=0

// Subjects=0

// Pollmann S, 2000: Task Switch - Task Repetition
// Subjects=11
49.41	21.54	34.82
49.46	6.74	36.06
34.22	3.74	-1.43
1.53	8.08	57.69
-25.05	-72.04	42.41
30.49	-66.42	41.3

// Smith A B, 2004: Switch vs. Repeat
// Subjects=20
35.29	16.95	4.14
50.61	-15.46	37.91
50.47	-16.91	19.08
41.75	-6.71	0.48
4.75	-12.68	50.47
42.8	6.25	2.72
-39.26	-11.65	26.36
-43.43	-22.71	35.14
-44.74	-13.14	7.58
-28.89	52.14	10.85

// Subjects=0

// Subjects=0

// Brass M, 2004: Meaning Switch vs. Cue Switch
// Subjects=14
-38.22	8.96	31.31
59.92	24.21	13.29
39.07	-56.17	49.26

// Braver T S, 2003: Switch x Time
// Braver T S, 2003: Block x Time
// Subjects=13
-15.51	9.63	65.56
-28.21	-64.95	51.89
-41.78	32.63	-6.32
-47.96	18.53	18.35
18.01	-23.5	-35.76
-15.51	9.63	65.56
-28.21	-64.95	51.89
-41.78	32.63	-6.32
-47.96	18.53	18.35
18.01	-23.5	-35.76

// Dreher J C, 2002: Switching vs. Baseline
// Subjects=8
-28	4	56
-40	20	32
48	16	40
60	28	32
-36	-56	52
36	-60	44
-28	-68	-40
0	-68	-32
52	-56	-4

// Subjects=0

// Sylvester C C, 2003: Normals, Group 1
// Subjects=14
15	-64	55
-22	-64	50
34	-45	35
-34	-49	55
26	-8	60
-34	0	55
45	26	25
-38	30	30
-26	-82	15
34	19	5
-26	26	10
-8	15	50
19	-8	20
-15	-8	15
11	-68	45
38	-56	50
-38	-41	45
26	0	55
-30	4	55
56	22	40
-49	26	40
-34	-75	20
-30	26	10
15	19	35
-8	11	50

// Sylvester C C, 2003: Normals, Group 2
// Subjects=14
-15	-56	55
-45	-41	50
-41	8	30
11	-60	0
-11	-64	0
0	11	50
11	30	-5
-15	-26	-10
22	-52	60
-22	-49	60
26	-45	50
-38	-38	40
30	0	50
-19	0	50
22	49	10
-26	49	15
-8	11	50
15	-15	25
-11	-4	25
-11	-19	20
-8	-64	55
-11	-64	0
22	64	0
-26	-86	25

// Zysset S, 2001: Incongruent vs. Neutral
// Zysset S, 2001: Congruent vs. Neutral
// Subjects=9
2.39	32.27	40.04
-39.3	8.78	29.1
48.33	20.39	33.81
-39.63	38.36	-1.25
34.12	58.69	7.35
-20.7	-76.7	50.56
28.43	-67.86	50.37
-39.24	-75.12	3.8
44.09	-75.94	-.44
-40.46	29.84	26.24
47.26	21.45	33.74
-41.79	44.69	-1.76
34.03	56.69	-4.75
-21.77	-76.71	50.57
25.34	-69.94	65.07

// Kerns J G, 2005: Normal Subjects
// Subjects=13
3.5	19.5	39.98
-28.39	1.3	55.26
48.75	-46.71	60.63
-38.34	27.39	21.96
46.07	30.01	20.77
61.34	-47.97	29.36
-60.59	-46.47	18.37
42.64	51.89	1.13
19.42	-30.99	5
-59.58	-52.61	7.72
-15.93	-14.45	1.79
54.44	27.12	-3.62
-47.15	26.89	-11.36

// Weiss E M, 2003: Controls
// Subjects=13
-40	4	32
12	12	40
28	-56	44
-24	-64	36
28	-72	20
28	-84	4
-20	16	16
-28	20	-4
40	20	20

// Gurd J M, 2002: Switching > Non-Switching
// Subjects=11
-16	-68	60
28	-64	58

// Weiss E M, 2007: Controls
// Subjects=8
-47.84	12.07	31.16
52.49	11.48	14.44
39.41	39.47	-7.83
48.31	27.8	33.19
-5.08	16.9	34.72
-3.06	37.72	28.49
-49.81	-34.46	35.08
63.43	-45.13	24.64
46.34	-38.55	28.74
-32.63	-55.51	36.65
-62.79	-44.97	10.46
-28.4	-95.52	14.31
35.78	-72.45	31.71
-33.2	24.23	-5.72

// Subjects=0

// Subjects=0

// Subjects=0

// Nakao T, 2005: Normals
// Subjects=14
42	14	-8
34	20	-2
36	20	-10
52	14	34
44	16	28
42	6	52
36	56	14
38	42	30
-50	12	32
-44	28	16
-44	10	24
-2	26	40
-6	20	46
6	28	32
16	0	14
-16	-2	12
-8	-20	6
32	-64	50
34	-50	40
-26	-62	54
-20	-70	52
-34	-54	54
-34	-88	8
-28	-80	22
38	-54	-20
34	-68	-30
42	-58	-32

// Subjects=0

// Georgiou-Karistianis N, 2007: Normals
// Subjects=17
-46	-44	50
34	-36	56
-4	2	56
10	4	58
-34	-16	56
50	-14	44
-26	4	8
22	12	4

// Kerns J G, 2006: Incongruent, Activations
// Subjects=26
-6.01	8.49	49.93
-45.34	-49.99	54.17
45.48	-34.21	57.38
-41.51	35.46	30.24
36.48	43.5	30.9

// Liu X, 2004: Simon Incongruent > Simon Congruent
// Liu X, 2004: Stroop Incongruent > Stroop Congruent
// Subjects=11
-12	44	0
-34	36	10
32	60	26
30	42	44
12	32	62
26	18	36
-12	-66	74
-36	-44	70
22	-62	74
-46	-36	28
30	-80	-12
-16	-52	-6
-46	-78	34
48	-78	34
-14	-96	20
42	-10	-32
-36	-20	-20
32	-38	-2
-48	-54	-10
-64	-14	-26
58	-68	-2
-56	-26	-4
-44	-56	8
42	-60	8
44	-26	18
-38	22	-30
-32	0	-26
-36	-20	16
36	-10	-2
34	-12	16
-4	-30	72
-44	-32	68
40	-20	64
36	-18	50
-32	42	10
-32	12	52
-30	42	-4
-44	-32	50
-6	-4	72
-28	-38	54
-42	-88	30
46	-58	-30
-24	-2	-44
26	-38	-18
-44	-50	-20
-40	-60	-2
40	-56	2
-54	16	-28
30	-32	22

// Maclin E L, 2001: Incongruent > Congruent
// Subjects=8
4.75	-1.67	55.12
13.51	-71.93	54.22
38.5	57.63	20.77
34.84	-27.16	66.95
4.79	-92.44	23.7

// Rubia K, 2006: Adult Normals
// Subjects=23
-51.32	27.97	3.1
-39.32	-35.4	8.27
33.94	50.21	-19.82
55.64	10.98	7.75
-38.5	35.71	5.65
-25.43	7.55	25.7
32.18	-4.05	8.17
8.7	-3.93	11.77
33.45	-52.51	14.45
29.92	49.58	13.73
48.34	-10.33	21.89
4.67	-3.59	44.13
-44.54	-22	30.63
22.57	2.58	12.18
4.67	-3.59	44.13
-10.37	-78.12	3.72

// Rubia K, 2006: Adolescent Normals
// Subjects=29
-58.69	-16.02	-.93
8.77	-55.89	0.52
-53.05	-7.36	41.77
-.41	68.18	-32.08
32.39	-39.23	21.15
31.21	-56.84	0.01
52.6	-14.79	18.87
-54.26	-19.83	18.29
-32.54	-40.31	54.33
6.84	-12.03	44.82

// Subjects=0

// Subjects=0

// Stern E R, 2007: Position - Neutral
// Stern E R, 2007: Position - Neutral, Positive Correlation with Behavioral 
// Cueing Effect
// Subjects=14
32	46	-20
22	54	20
-2	6	48
38	-54	48
12	-72	48
-42	-40	48
12	-60	66
-32	-54	66
-36	-60	-30
26	-56	-26
-12	-62	-28
16	-12	16
36	46	40
-56	-64	22
64	-52	-4
12	-78	52
-22	-74	60
16	-62	70
36	-56	58
-42	-56	54
32	-64	32
28	-80	16
38	-92	-14
-22	-96	20

// Carlsson K, 2000: Anticipation vs. Rest
// Subjects=7
36	24	-4
-32	28	-4
4	16	40
-20	-44	60
48	-44	48
52	-44	20
-52	-32	24
-4	-68	48

// Subjects=0

// Subjects=0

// Subjects=0

// Sommer M, 2008: Incompatible > Compatible
// Subjects=12
-33.63	-10.82	64.14
33.32	37.31	33.68
-7.07	7.43	50.04
50.47	-60.92	0.46
-36.15	-65.39	-8.21
38.53	11.77	5.66
7.49	24.27	4.96
-14.76	-15.62	14.14
50.66	-32.55	37.11
-33.68	-54.2	39.9
18.78	-67.12	47.07

// Wittfoth M, 2008: Incompatible > Compatible
// Wittfoth M, 2008: Error, Compatible > Compatible
// Wittfoth M, 2008: Error, Incompatible > Incompatible
// Wittfoth M, 2008: (Error, Compatible > Compatible) + (Incompatible > 
// Compatible)
// Subjects=15
55.36	15.94	20.91
58.46	31.29	12.61
56.33	40.31	17.36
64.62	16.91	-15.2
71.2	14.36	-8.34
50.7	-47.89	-18.64
52.95	-58.1	-13.19
-15.17	-55.12	68.36
-41.25	-39.88	60.57
-50.94	-39.71	62.96
-61.9	-26.65	54.01
49.43	-35.72	54.14
-37.66	-78.21	-5.17
-44.09	-82.18	-1.31
60.82	16.38	25.25
35.47	27.86	-11.31
46.35	21.93	-6.42
8.05	31.68	42.57
-.68	32.09	35.95
7.86	24.8	26.44
17.05	15.81	67.52
71.87	-34.22	34.55
-1.1	43.22	5.72
-.86	30.74	21.52
3.43	38.2	20.71
1.53	-14.57	30.45
35.35	18.21	-22.68
-42.3	10.25	-11.6
-9.01	-65.14	41.23
12.6	-65.06	40.86
6.38	-59.82	62.86
0.92	-14.78	-17.71
3.08	-14.77	-17.74
-7.49	-5.39	2.8
-3.12	-22.5	3.3
7.68	-22.46	3.11
6.04	17.51	51.85
61.91	15.42	26.45
-60.73	-38.03	58.48
64.41	-34.58	42.56

// Coderre E L, 2008: Kana Incongruent > Kana Congruent
// Coderre E L, 2008: Kanji Incongruent > Kanji Congruent
// Subjects=9
10.92	18.94	32.14
-5.06	25.96	41.77
-5.49	51.08	-4.94
42.95	5.67	22.84
-46.5	-44.33	44.79
-5.11	25.45	35.12
10.91	28.72	34.66
-6.51	38.48	-2.76
-4.91	7.7	53.33
-49.98	8.8	30.34

// Matsumoto E, 2004: Uncrossed Incompatible > Uncrossed Compatible
// Matsumoto E, 2004: Crossed Incompatible > Crossed Compatible
// Matsumoto E, 2004: Incompatible > Compatible
// Matsumoto E, 2004: Crossed > Uncrossed
// Matsumoto E, 2004: (Incompatible vs. Compatible, Uncrossed) + (Incompatible 
// vs. Compatible, Crossed)
// Subjects=20
-26	-2	56
26	-2	62
-12	-60	50
14	-36	64
-48	-30	44
-6	-62	62
28	-52	62
-54	-14	-2
58	-32	8
-44	0	0
34	14	-4
60	-18	42
-28	-2	54
28	-6	54
-58	-26	42
54	-22	38
-42	-30	44
40	-28	38
-10	-62	50
22	-60	58
-16	-8	60
20	-2	60
-32	-38	44
32	-36	42
-14	-66	52
-46	-10	40
50	0	34
-2	12	64
26	-4	62
-8	-56	58
14	-42	58
-42	-26	2
58	8	-6
34	-24	10
28	4	8
24	-6	58
-18	-8	60
2	14	50
44	-28	40
-46	-30	44
-10	-58	54
22	-60	58
-6	16	30

// Pierno A C, 2008: Main Effect of Type of Observed Behavior [(GT + GTD) - 
// (GAT + GATD)]
// Subjects=12
-36	0	45
48	-3	51
27	-6	51
-27	-12	60
60	-36	15
36	-42	51
-30	-42	60
-24	-51	51
42	-48	-18
6	-63	3
-39	-69	9
54	-66	3

// Subjects=0

// Adleman N E, 2002: Normal Adults
// Subjects=11
-35.31	28.26	31.32
66.44	-44.33	30.04
-28.21	-65.57	60.65

// Subjects=0

// Chikazoe J, 2009: Infrequent-Go vs. Frequent-Go
// Subjects=25
32	52	-2
30	52	14
26	-4	64
-50	10	34
42	-4	40
52	0	40
-50	6	46
-4	12	60
-24	-68	46
22	-64	46
28	-74	22
-32	-64	-14
-36	-54	-22

// McNab F, 2008: Flanker Task, Incongruent > Congruent
// Subjects=11
30	-54	45
39	-45	51
-3	27	18
-24	27	9
-15	27	9

// Ye Z, 2009: Effects of Congruency in Stroop Task
// Ye Z, 2009: Effects of Congruency in Flanker Task
// Subjects=19
0	16	50
-38	28	0
-44	14	22
-40	-46	52
-40	-86	-6
-42	-56	-32
-50	-54	-20
40	22	8
32	30	-14
50	14	2
38	-86	-6
34	-86	4
44	-50	-28
54	-50	-22
-38	-42	46
-46	-58	-10
-44	-68	-8
54	-64	-12
42	-86	-2
28	-56	-32

// Subjects=0

// Subjects=0

// Subjects=0

// Scheibel R S, 2007: Orthopedic Injury (OI) Patients
// Subjects=10
-25.11	-29.4	57.02
-11.91	-53.84	70.42
-7.76	-24.46	62.96
35.47	-26.43	62.42
13.89	-19.71	66.6
24.75	-41.15	66.3

// Bryant R A, 2005: Controls
// Subjects=14
6.38	-78.42	59.09
3.6	-102.76	5.52
12.03	-99.93	-10.59
-52.03	-37.59	62.77
68.76	-25.64	46.09
13.97	25.32	-2.85
7.49	-86.31	-25.31
-24.95	16.26	-5.77
66.01	22.49	9.99
50.36	46.98	-25.78
22.98	63.12	33.6
72.49	-14.68	2.36
-7.46	0.34	6.71
0.85	28.49	-14.14

// Belger A, 1998: Shape Task > Fixation
// Belger A, 1998: Location Task > Fixation
// Subjects=18
23.61	57.17	29.9
33.31	40.48	33.42
-34.12	37.91	19.91
45.92	38.42	5.57
-37.43	34.57	4.61
35.36	-55.95	-16.51
-37.33	-57.7	-18.87
47.16	-56.51	-11.02
-44.78	-57.49	-15.46
-56.45	-59.96	-5.08
-59.45	-31.52	32.71
31.54	-50.13	45.5
-35.82	-54.22	39.92
6.3	49.38	-.48
-1.14	51.97	6.08
-22.43	36.24	10.99
50.2	37.39	5.6
-24.83	44.48	-19.78
7.99	-51.84	39.22
-4.2	-57.51	-19.27
3.65	-39.35	35.99
6.81	-37.64	30.24
51.67	-47.49	22.74
-59.69	-41.66	-2.12
48.59	-56	36.87
-53.03	-62.12	21.82
31.58	-49.7	51.04
-29.31	-60.89	49.33

// Baerentsen K B, 2010: On-Off Meditators
// Subjects=31
29.11	-7.37	-8.84
-29.11	-2.28	2.86
10.5	3.26	59.91
7.39	-6.77	67.67
-2.33	-8.93	68.05
55.6	-35.86	29.39
-39.13	-42.42	56.31
-59.03	-28.38	23.88
64.26	-24.78	32.63
49.37	-3.4	55.42
-37.17	-13.25	46.66
39.94	6.06	-3.62
64.34	-30.74	37.7

// Guleria A, 2013: Meditation > Control
// Subjects=14
-41	32	38
-46	8	18
-32	4	60
-6	-52	58

// Subjects=0

// Subjects=0

// Fassbender C, 2006: Cue-Related Activations
// Fassbender C, 2006: Cued and Un-cued Correct Responses to Incongruent 
// Stimuli
// Subjects=15
-55.38	16.97	26.37
-40.45	14.52	20.83
38.64	23.97	25.82
43.02	10.76	33.57
26.13	-.32	56.99
-42.43	5.13	37.25
34.79	-50.74	51.09
-34.64	-49.84	55.15
-49.69	-37.67	48.73
-21.85	-58.82	47.95
32.2	-48.86	-7.03
9.78	26.97	25.9
13.12	-13.37	27.01
-32.06	21.75	3.4
33.08	23.82	-3.1
32.4	12.52	43.58
-47.82	8.99	32.53
52.62	19.45	34.96
-50.03	25.81	30.03
53.55	24.6	18.9
-41.56	34.95	23.59
-32.63	2.67	59.65
44.94	37.07	15.73
-41.69	48.98	12.38
26.6	56.02	0.97
3.49	26.01	41.66
-1.91	35.24	37.61
-46.53	-24.87	48.74
37.98	-50.89	48.83
-35.72	-37.87	58.62
-36.82	-54.68	47.78
24.21	-57.43	61.81
54.92	-38.15	33.07
11.36	-57.76	58.64
25.16	-67.43	42.56
-8.97	-60.43	53.52
-.49	-54.46	47.34
32.19	-46.83	-8.32
-36.17	-52.44	-5.95
-47.86	-57.28	1.29
49.27	11.29	12.26
-35.2	13.61	8.58
30.96	19.67	-1.61
-27.83	23.46	-2.37
11.8	11.52	4.87
0.04	-17.16	-7.09

// Subjects=0

// Subjects=0

// Barros-Loscertales A, 2011: Healthy Controls
// Subjects=16
15	14	52
15	9	55
-45	22	32
42	-1	36
59	21	7
-45	22	29
53	-26	-1
45	-64	-2
33	-53	52
-30	-64	53
50	-42	38
-36	-45	38
-15	-11	6
15	-5	11

// Aron A R, 2007: Critical Stop > Critical Go
// Subjects=15
42	20	0
56	-30	2
38	-44	46
-2	-20	24
6	-18	28
4	-20	42
-32	22	2
-38	18	-4
-44	16	-10
8	-18	-6
14	4	-4
16	10	8
-14	10	-4
-14	4	8
-14	18	-2
-62	-40	30
-52	-40	14
-68	-34	4
28	-96	0
20	-102	-4
22	-104	10
14	-62	30
6	-78	54
10	-46	46
-32	-70	-56
-34	-72	-64
-16	-14	62
-12	-8	-2
-8	-16	-4
-42	-82	-6
-24	-102	6
-22	-98	-14
-44	44	24
-36	36	24
-42	36	30
-18	-72	-38
-42	-62	-42
-32	-64	-38

// Alonso-Lana S, 2016: Healthy Controls
// Subjects=28
-50	8	28
36	22	4
44	-44	52

// Rodriguez-Cano E, 2017: Healthy Controls
// Subjects=26
-54	-2	48
-38	-44	44
36	-2	50
-42	-72	-12
34	-50	42

// Haist F, 2005: Healthy Controls
// Subjects=8
49.41	1.83	27.55
-42.51	5.42	27.19
42.26	-13.54	63.49
32.5	-5.19	48.41
-31.65	1.82	48.56
42.87	31.14	21.82
49.25	35.32	20.28
-33.21	50.55	4.34
-33.22	56.98	4.92
41.88	12.18	24.54
-54.25	-2.14	26.85
5.64	21.8	41.99
-2.9	20.69	42.18
-8.32	15.48	30.42
16.23	18.63	27.64
46.57	-24.09	64.33
-53.02	-20.31	39.51
-51.95	-41.08	32.31
27.37	-64.44	53.44
-28.19	-63.63	55.12
22.03	-69.93	51.73
-7.92	-60.59	51.29
-51.86	-44.62	41.53
61.22	-46.97	14.78
64.39	-47.3	10.31
-53.18	-41.66	11.19
38.87	-87.97	9.55
48.28	-68.05	-8.95
-39.39	-62.4	-10.65
-32.94	-69.68	-9
33.17	14.91	5.45
-32.02	16.63	6.06
16.19	-16.92	8.32
-12.72	-1.23	7.33
-16	19.9	5.6
23.62	-3.13	7.08
-.99	-55.2	-17.27
6.47	-75.22	-29.06
43.82	-63.36	-30.48
-25.64	-55.06	-27.04
-26.26	-3.17	52.26
-43.43	2.55	45.29
-53.16	9.04	33.7
-34.27	49.48	4.44
56.85	8.04	24.72
-48.91	7.75	30.42
-51.03	8.97	32.57
3.65	-4.22	49.77
-3.9	12.65	48.45
11.14	-1.81	52.83
11.35	-22.73	71.31
-51.91	-20.93	45.12
48.65	-35.68	51.9
-6.87	-61.82	49.15
30.41	-75.02	26.41
65.47	-47.2	11.41
-42.44	-46.62	14.83
50.56	-73.18	7.07
32.12	15.07	7.68
-30.93	17.95	9.28
-40.52	5.03	8.24
-9.49	-13.01	6.05
25.69	9.4	3.77
7.56	-76.01	-25.66

// Laurens K R, 2005: Control Subjects
// Subjects=28
-24	-4	-24
20	-8	-16
-28	-20	-12
32	-20	-12
-52	12	-16
56	8	-12
-36	20	-12
36	16	-4
-36	16	-12
40	8	-12
0	32	28
4	28	36
-4	4	36
0	-36	28
-64	-36	20
56	-40	4
-60	-48	24
64	-28	32
64	-48	-8
-36	-64	52
36	-60	48
-4	-60	48
8	-76	36
-36	-56	40
36	-60	44
-48	4	36
52	16	28
48	4	48
16	52	28

