// Reference=MNI
// Desmurget M, 2001: Strict hand-reaching effect
// Subjects=7
-36.86	-18.84	57.04
-42.13	-18.1	67.08
-59.35	-17.29	51.59
-27.07	-51.05	66.32
-47.69	-28.02	35.63
-23.9	-61.23	58.22
-47.07	-32.73	-25.32
-44.57	-65.21	8.6
3.35	-22.71	3.37
-.9	-22.48	6.75
4.37	-53.94	-15.21
25.51	-68.27	-51.05
-24.48	-62.83	-17.48
-2.15	-30.97	-20.4

// Ehrsson H H, 2000: Foot vs. Rest
// Ehrsson H H, 2000: Hand vs. Rest
// Ehrsson H H, 2000: Simultaneous vs. Rest
// Ehrsson H H, 2000: Hand vs. Foot
// Ehrsson H H, 2000: Conjunction Analysis
// Ehrsson H H, 2000: {(Hand - Rest) + (Foot - Rest)} - (Simultaneous - Rest)
// Subjects=8
8.14	-17.29	73.12
-8.87	-40.65	75.28
-4.92	-0.05	49.52
-11.73	-39.4	-18.47
46.27	-27.17	24.44
35.42	-9.23	9.68
58.94	8.69	19.06
14.03	-16.05	6.04
-45.65	-21.38	25.01
35.83	-24.67	57.81
35.92	-23.81	68.89
7.95	-3.94	53.05
46.26	-22.94	24.09
14.02	-16.22	3.82
21.07	-53.51	71.55
-26.09	-6.92	72.65
-36.88	-3.61	61.34
-11.23	-7.86	59.17
61.11	9.04	23.47
-47.81	-19.45	22.65
-37.24	-7.38	12.59
-15.97	-47.89	-17.71
24.63	-56.45	-21.92
10.3	-17.1	75.31
35.85	-24.49	60.03
29.51	-15.05	72.69
7.94	-4.03	51.94
-15.98	-45.77	-17.89
44.13	-25.07	24.29
-6.74	-42.93	73.21
14.04	-18.16	6.22
28.95	-3.27	4.8
-1.06	-61.52	-30.12
-23.93	-8.85	75.01
-43.49	-23.31	27.38
-28.32	-32.08	50.25
-32.43	-39.19	68.73
22.46	-45.89	-22.78
-34.76	-1.65	58.92
41.83	-.39	13.33
35.83	-22.55	57.63
38.05	-23.8	68.86
-22.42	-48.27	-22.07
16.09	-53.15	-19.87
-30.41	-9.57	66.23
7.95	-3.86	54.15
16.71	-12.67	77.1
29.54	-34.42	69.85
16.78	-51.42	71.42
-9.07	-9.79	61.54
-19.68	-6.88	72.57
46.11	-12.34	9.82
37.57	-9.05	11.87
31.08	-3.25	4.77
58.96	8.86	21.28
14.03	-16.05	6.04
-13.85	-43.65	-18.09
-47.8	-21.56	22.82
48.39	-22.93	24.06
56.82	8.84	21.3
46.45	-5.57	56.09

// Gosain A K, 2001: Smile vs. Rest
// Gosain A K, 2001: Finger-tapping vs. Rest
// Subjects=5
50.58	-3.74	38.04
-52	-7.61	38.43
41.11	-16.52	52.61
-45.44	-19.15	53.82

// Indovina I, 2001: Move vs. No-Move
// Subjects=9
-38	-20	68
-44	-18	48
-30	-8	50
-60	8	24
-58	8	4
50	-24	36
-4	-4	52
-2	10	44
-10	10	40
52	18	-4
52	12	12
58	12	24
-30	-68	-26
16	-52	-26
4	-64	-26

// Mayer A R, 2001: Right Hand > Foot
// Subjects=7
-6.9	9.23	73.3
-3.83	-15.19	46.32

// Rao S M, 1997: Continuation-300 vs. Rest
// Rao S M, 1997: Synchronization-600 vs. Rest
// Rao S M, 1997: Continuation-600 vs. Rest
// Subjects=13
-35.77	-19.72	59.33
17.16	-56.41	-20.72
0.47	1.56	56.02
-28.75	-10.13	3.8
-11.61	-19.46	5.5
65.42	-17	16.68
60.94	12.7	1.97
-34.69	-20.69	60.52
17.16	-54.21	-19.79
66.46	-16.19	13.25
-35.77	-19.64	60.44
17.18	-56.23	-18.51
-1.63	-3.57	58.7
-26.62	-6.86	4.62
-14.83	-20.79	2.31
66.47	-16.1	14.36
53.47	9.48	2.33

// Stephan K M, 2002: 3% Modulation vs. Isochronous
// Stephan K M, 2002: 7% Modulation vs. Isochronous
// Stephan K M, 2002: 20% Modulation vs. Isochronous
// Subjects=9
-30	54	-6
-15	-15	18
18	57	-9
9	-18	12
54	-48	51
-15	-15	18
-33	-57	-24
15	57	-9
9	-18	9
54	-45	48
51	18	6
36	-69	-24
-24	54	-9
-9	-12	12
-45	-51	42
-15	-12	18
-51	15	3
-36	-51	-27
-48	33	33
-33	-3	60
-15	-72	-27
-27	-78	-42
18	60	-9
6	-18	9
54	-57	45
15	15	9
51	18	3
36	-69	-24
36	27	33
3	18	42
42	-9	63

// van Mier H, 1998: Normal Adults - Right Tracing
// Subjects=16
-33.64	-16.45	60.15
12.98	-57.6	-8.31
36.9	-18.14	59.48
-14.78	-62	-7.62
-33.64	-16.45	60.15
12.98	-57.6	-8.31
-5.94	-3.94	54.32
26.14	-3.58	56.15
-25.12	-3.54	61.2
41.22	-41.81	55.84
17.81	-62.84	61.22
-18.51	-56.37	65.55
23.6	-56.11	-17.48
12.84	-74.46	-33.66
-32.12	-49.18	-33.03
-55.54	-4.46	-3.06
-33.64	-16.45	60.15
12.98	-57.6	-8.31
-5.94	-3.94	54.32
26.14	-3.58	56.15
-25.12	-3.54	61.2
41.22	-41.81	55.84
17.81	-62.84	61.22
-18.51	-56.37	65.55
23.6	-56.11	-17.48
12.84	-74.46	-33.66
-32.12	-49.18	-33.03
-55.54	-4.46	-3.06
-33.64	-16.45	60.15
12.98	-57.6	-8.31
-5.94	-3.94	54.32
26.14	-3.58	56.15
-25.12	-3.54	61.2
41.22	-41.81	55.84
17.81	-62.84	61.22
-18.51	-56.37	65.55
23.6	-56.11	-17.48
12.84	-74.46	-33.66
-32.12	-49.18	-33.03
-55.54	-4.46	-3.06
-33.64	-16.45	60.15
12.98	-57.6	-8.31
-5.94	-3.94	54.32
26.14	-3.58	56.15
-25.12	-3.54	61.2
41.22	-41.81	55.84
17.81	-62.84	61.22
-18.51	-56.37	65.55
23.6	-56.11	-17.48
12.84	-74.46	-33.66
-32.12	-49.18	-33.03
-55.54	-4.46	-3.06
-33.64	-16.45	60.15
-25.12	-3.54	61.2
12.98	-57.6	-8.31
12.84	-74.46	-33.66
23.6	-56.11	-17.48

// van Mier H, 1998: Normal Subjects - Left Tracing
// Subjects=16
-33.64	-16.45	60.15
12.98	-57.6	-8.31
36.9	-18.14	59.48
-14.78	-62	-7.62
36.9	-18.14	59.48
-14.78	-62	-7.62
2.58	0.17	51.65
26.14	-3.58	56.15
-25.12	-3.54	61.2
-35.71	-39.9	59.91
17.84	-58.1	67.51
-18.51	-56.37	65.55
27.9	-60.14	-14.96
17.08	-72.67	-38.32
-32.12	-49.18	-33.03
-49.19	-5.11	-12
36.9	-18.14	59.48
-14.78	-62	-7.62
2.58	0.17	51.65
26.14	-3.58	56.15
-25.12	-3.54	61.2
41.22	-41.81	55.84
17.84	-58.1	67.51
-18.51	-56.37	65.55
27.9	-60.14	-14.96
17.08	-72.67	-38.32
-32.12	-49.18	-33.03
-49.19	-5.11	-12
36.9	-18.14	59.48
-14.78	-62	-7.62
2.58	0.17	51.65
26.14	-3.58	56.15
-25.12	-3.54	61.2
41.22	-41.81	55.84
17.84	-58.1	67.51
-18.51	-56.37	65.55
27.9	-60.14	-14.96
17.08	-72.67	-38.32
-32.12	-49.18	-33.03
-49.19	-5.11	-12
36.9	-18.14	59.48
-14.78	-62	-7.62
2.58	0.17	51.65
26.14	-3.58	56.15
-25.12	-3.54	61.2
41.22	-41.81	55.84
17.84	-58.1	67.51
-18.51	-56.37	65.55
27.9	-60.14	-14.96
17.08	-72.67	-38.32
-32.12	-49.18	-33.03
-49.19	-5.11	-12
36.9	-18.14	59.48
-25.12	-3.54	61.2
-14.78	-62	-7.62
17.08	-72.67	-38.32
27.9	-60.14	-14.96

// Gerardin E, 2000: Motor Execution vs. Rest
// Gerardin E, 2000: Motor Execution vs. Motor Imagination
// Subjects=8
57	18	24
39	-15	63
-42	-18	66
42	-3	60
-36	-3	66
6	6	57
-9	9	51
3	-3	66
-3	3	66
42	-33	60
-48	-24	57
36	-36	66
-30	-42	66
-45	-36	60
60	-9	15
-60	-15	21
24	18	6
-30	6	6
27	-9	12
-33	-3	6
15	-12	9
-18	-15	9
21	-45	-18
-27	-45	-18
39	-15	63
-42	-18	69
24	-9	75
-36	-6	69
3	0	57
-3	-3	57
48	-30	60
-51	-18	60
51	-9	15
-51	-15	15
3	6	42
-6	9	42
30	3	0
-30	-3	3
15	-12	9
-18	-15	9
21	-45	-18
-27	-45	-18

// Simon O, 2002: Grasping vs. Grasping Control
// Simon O, 2002: Pointing vs. Pointing Control
// Simon O, 2002: Grasping Only
// Simon O, 2002: Manual Tasks Only (Grasping and Pointing)
// Subjects=10
-16	-4	68
24	0	60
-48	48	16
-28	-12	64
-64	8	16
60	12	32
52	8	12
-8	4	44
4	4	52
-40	-28	56
-44	-36	52
40	-44	52
-12	-68	56
16	-68	52
64	-32	28
-36	16	8
-12	-8	60
4	4	56
24	0	56
-8	4	44
-32	-12	64
-40	-28	56
-36	-44	56
-16	-76	48
16	-68	52
36	-48	56
40	-40	60
-8	-60	56
28	-76	32
-24	12	4
24	4	4
-12	-20	8
-28	-44	68
-44	-36	40
-60	-32	36
-48	-40	60
36	-44	60
64	-32	24
-40	-28	56
-36	-44	56
-32	-44	64

// Gelnar P A, 1999: Motor vs. Rest
// Subjects=8
-2.77	-3.2	49.76
1.71	-3.24	76.48
-43.29	-9.11	59.64
-36.77	-23.36	67.46
-47.6	-24.96	47.64
-52.04	-17.9	29.26
-47.58	-31.31	48.17
-36.74	-29.7	67.99

// Buccino G, 2001: Mouth with Object Film - Static Mouth
// Buccino G, 2001: Mouth Film - Static Mouth
// Buccino G, 2001: Hand with Object Film - Static Hand
// Buccino G, 2001: Hand Film - Static Hand
// Buccino G, 2001: Foot with Object Film - Static Foot
// Buccino G, 2001: Foot Film - Static Foot
// Subjects=20
48	0	32
-56	0	36
60	8	24
-64	12	20
60	16	20
52	-24	20
52	-32	44
-36	-52	56
-60	-24	36
52	0	32
-52	4	44
56	12	16
-60	16	16
60	28	20
48	0	44
-56	-4	44
56	12	12
-64	4	24
40	-40	52
-36	-40	52
52	0	48
-60	-4	40
40	-4	60
-32	-8	64
24	-60	68
-32	-64	60
44	-4	56
-40	-4	60

// Colebatch J G, 1991: Index - Rest
// Colebatch J G, 1991: Shoulder - Rest
// Colebatch J G, 1991: Opposition - Rest
// Colebatch J G, 1991: Fist - Rest
// Subjects=6
-29.39	-17.83	55.76
-.6	-2.85	54.17
-19.7	-10.4	68.4
-21.85	-21.5	62.67
27.3	-21.29	60.97
2.56	-2.2	48.5
-13.3	-8.24	68.15
25.13	-6.24	63.08
3.29	-38.71	-10.9
-17.53	-38.56	61.82
-46.69	-28.79	25.65
-47.82	-23.93	19.68
39.83	-28.61	20.18
-46.88	3.31	14.04
-33.06	0.42	2.97
-30.46	-18.89	55.86
6.86	2.48	53.64
-15.46	-6.31	65.78
31.54	-9.55	61.05
57.12	-33.14	42.66
-47.82	-23.93	19.68
-46.88	3.31	14.04
-33.06	0.42	2.97
-29.39	-18.88	55.84
0.48	0.59	57.21
-15.45	-8.43	65.96
-47.82	-23.93	19.68
-22.44	3.14	-4.07

// Decety J, 1994: Movement Observation - Visual Inspection
// Decety J, 1994: Movement Observation - Motor Imagery
// Subjects=6
7.65	-87.21	-19.15
9.82	-86.86	-14.74
5.57	-84.43	-10.43
37.65	-79.66	-6.74
3.45	-79.87	-6.33
17.97	38.65	-16.44
20.15	36.89	-11.85
37.67	-77.2	-2.49
44.08	-66.25	0.98
37.7	-68.06	5.67
24.56	36.17	6
24.62	28.06	11.14
24.67	26.29	15.75
11.87	28.67	20.16
-9.49	-76.74	-19.83
-.88	-82.69	-14.97
-.85	-82.35	-10.53
-.82	-79.89	-6.28
-43.61	-69.57	-6.65
-11.74	-18.63	-11.29
-2.93	-79.56	-1.82
-18.22	9.17	-9.09
-5.1	-62.31	1.22
-47.82	-68.92	2.26
-47.78	-70.69	6.87
-45.6	-72.45	11.45
-20.36	37.68	1.93
-20.31	33.79	6.71
-43.43	-72.09	15.86
-18.12	27.8	11.65
-7.38	21.86	16.49
-20.14	13.67	21.78
9.82	-86.86	-14.74
60.91	-33.68	-19.79
50.31	-54.89	-17.89
5.57	-84.43	-10.43
41.86	-73.63	-11.76
52.39	-31.27	-15.43
52.49	-56.65	-13.3
37.65	-79.66	-6.74
3.45	-79.87	-6.33
37.67	-77.2	-2.49
44.08	-66.25	0.98
3.52	-79.18	2.53
54.73	-57.73	0.14
39.84	-68.05	5.64
-9.49	-76.74	-19.83
-.88	-82.69	-14.97
-33.01	-63.85	-16.18
-.85	-82.35	-10.53
-.82	-79.89	-6.28
-43.61	-69.57	-6.65
-2.93	-79.56	-1.82
-5.1	-62.31	1.22
-47.82	-68.92	2.26
-47.78	-70.69	6.87
-4.99	-81.01	7.24
-45.6	-72.45	11.45
-9.22	-84.92	12.08
-43.43	-72.09	15.86
-36.96	-78.05	20.75
-19.83	-77.61	24.97
-19.79	-79.38	29.58
-15.46	-85.36	34.49

// Grafton S T, 1993: Shoulder - Rest
// Grafton S T, 1993: Elbow - Rest
// Grafton S T, 1993: Wrist - Rest
// Grafton S T, 1993: Finger - Rest
// Subjects=6
-21.84	-19.21	64.71
-7.04	-14.15	46.27
9.7	-55.14	-17.4
-21.85	-17.1	64.53
-2.79	-5.66	45.51
7.57	-57.26	-17.2
-28.22	-27.71	65.49
-13.48	-5.73	45.64
9.72	-59.37	-17.04
-28.28	-21.71	60.53
-9.25	-1.81	40.8
7.57	-57.26	-17.2

// Joliot M, 1999: PET
// Joliot M, 1999: fMRI-Average
// Joliot M, 1999: fMRI-Correlation
// Subjects=8
-6	-6	50
-38	-20	62
36	34	26
-40	-24	52
-48	-2	8
-52	-26	28
52	-38	40
-56	-52	2
-32	-4	2
-24	-22	8
28	-48	-22
-6	-10	56
6	0	48
46	-16	58
-58	0	38
60	0	28
38	38	30
-38	-24	52
-58	0	8
54	2	10
38	-4	10
-50	-24	20
64	-32	40
54	-40	52
-24	-6	6
-24	-62	-24
20	-52	-20
-4	-12	60
42	-14	54
-60	2	34
-36	30	28
36	38	28
-42	-22	56
-56	0	10
60	0	14
-36	-6	4
40	-6	14
-58	-24	22
56	-34	42
44	-44	46
-2	-92	-6
-26	-6	6
12	-16	10
-20	-14	20
22	-2	20
-22	-58	-22
22	-52	-20

// Jueptner M, 1997: Active vs. Rest
// Jueptner M, 1997: Passive vs. Rest
// Jueptner M, 1997: Active vs. Passive
// Jueptner M, 1997: Execute vs. Rest
// Subjects=12
28.82	-65.02	-36.86
-26.81	-63.75	-43.02
-3.22	-73.84	-37.99
-31.11	43.62	-2.91
-7.54	50.96	7.36
56.53	-28.22	-31.35
-60.88	-47.27	-19.48
-39.6	-21.77	-21.86
26.68	-65.04	-36.84
-41.73	-63.5	-38.41
7.46	-54.06	-30.85
-31.12	47.84	-3.26
56.57	-32.28	-28.78
-54.5	-45.46	-24.16
-33.1	-20.87	-10.86
26.67	-80.52	-44.46
-7.49	-71.58	-35.9
20.23	50.95	4.81
-30.99	44.81	12.6
-3.22	49.21	11.92
41.69	-60.03	-28.51
-22.45	-62.87	-31.99
3.27	-59.75	-21.4

// Lotze M, 2000: Lip Pursing vs. Rest
// Lotze M, 2000: /pa/ vs. Rest
// Lotze M, 2000: Tip of Tongue vs. Rest
// Lotze M, 2000: /ta/ vs. Rest
// Lotze M, 2000: /ka/ vs. Rest
// Lotze M, 2000: /pataka/ vs. Rest
// Subjects=7
-52	-16	38
54	-6	38
-48	-10	52
48	-10	56
-52	2	32
66	-2	24
-46	-8	26
60	-6	24
-36	-14	36
64	-16	28
-44	-8	40
54	-8	42

// Winstein C J, 1997: Movement-Related Brain Areas During Reciprocal Aiming
// Subjects=6
-5.84	-17.17	62.12
-30.41	-20.58	61.57
-28.22	-45.31	58.05
-36.85	-26.42	55.45
-5.91	-20.14	51.22
-18.59	-69.29	49.91
-57.46	-4.44	24.85
65.48	-44.92	13.44
-19.03	-20.05	12.33
-41.41	-39.3	13.09
14.06	-14.65	10.38
-25.54	-2.36	7.58
-21.29	-9.2	1.41
-40.32	-71.96	3.55
-6.11	-78.18	2.56
-9.55	-22.42	-5.42
2.19	-25.86	-9.73
42.97	-72.14	-6.32
5.47	-57.99	-12.65

// Muley S A, 2001: Normals SF2
// Subjects=10
-27.59	24.8	57.74
-9.79	-16.64	7.37
11.81	-70.77	-13.32
13.99	-51.03	-14.22
0.82	-4.37	44.02
-2.49	-63.87	-8.16
3.15	34.42	-13.46

// Muley S A, 2001: Normals SF3
// Subjects=20
-16.22	-10.05	62.98
-32.67	-14.62	47.94
48.04	-63	-9.71
-.51	-54.32	-10.1
46.54	-57.64	-9.02
-34.48	-16.01	48.08
38.58	-43.7	45.43
-22.06	1.53	2.64
0.11	-42.13	44.41
1.17	-51.64	43.74
-33.73	-11.03	22.89
-13.21	9.52	17.03
-36.31	-11.85	20.76
-14.48	12.32	20.27
-33.82	-13.62	23.78
28.78	-54.31	45.32
-37.17	-10.54	19.88
-13.83	13.04	21.32
53.46	-55.87	-11.48
52.85	-56.59	-7.07
53.03	-55.64	-11.27
56.35	-55.62	-11.31

// Corfield D R, 1999: Tongue Contraction - Rest
// Subjects=8
-62	-6	22
64	-4	18
-2	14	54
2	6	52
-8	16	34
10	10	32
-62	6	4
64	12	0
-46	6	0
44	6	2
22	2	0
-14	-14	2
16	-14	4
-14	-56	-18
24	-60	-20
-14	-64	-48
14	-66	-48

// Paus T, 1993: Group 1 Normals
// Subjects=8
-53.06	-18.54	34.9
-39.01	-21.14	55.03
-7.16	7.63	38.87
8.93	-72.92	14.21
-10.42	-66.58	1.64
-15.94	-23.43	-4.15
-6.42	33.87	6.55

// Carey L M, 2000: Initial Scan:  Right Hand Finger Tapping - Rest
// Carey L M, 2000: Six-Month Scan:  Right Hand Finger Tapping - Rest
// Subjects=10
-32.55	-30.53	56.86
-21.78	-44.93	62.4
-.56	-13.42	55.05
-36.85	-24.22	56.38
-28.27	-32.62	56.98
3.74	-10.94	59.26

// Kawashima R, 2000: Task vs. Control
// Subjects=9
-31.48	-11.78	65.31
-23	-9.16	57.19
14.33	1.3	51.42
55.53	39.45	4.25
-42.13	-25.76	64.37
56.05	-51.81	35.32
-68.27	-25.6	-0.02
59.95	-39.18	-8.16
13.15	-103.07	-4.5
16.35	11.11	40.54
14.96	37.43	9.35
-23.44	14.82	9.46

// Seitz R J, 2000: Group 3 Normals
// Subjects=8
33	-3	47
51	16	3
3	18	42
42	30	33

// Umetsu A, 2002: R-FP vs. Control
// Umetsu A, 2002: L-FP vs. Control
// Umetsu A, 2002: R-FEP vs. Control
// Umetsu A, 2002: L-FEP vs. Control
// Subjects=10
-56	-21	48
-46	-21	60
-35	-10	60
38	-24	54
32	-18	66
38	-7	54
-4	-18	54
-10	0	48
0	-7	48
-46	-14	54
-32	-14	60
-38	-35	54
28	-14	60
24	-46	-30
4	-7	66
-10	-10	54
0	4	54
38	-28	60
46	-24	54
32	-18	66
-42	-28	60
-38	-14	54
-32	-10	60
-46	-35	54
-32	-49	-30
-32	-60	-30
-10	-60	-18
-4	-10	66
0	0	48
4	-21	54

// Binkofski F, 2000: Somatosensory Guided Movement vs. Rest
// Binkofski F, 2000: Visually Guided Movement vs. Rest
// Subjects=6
-44	-32	46
39	-9	49
59	2	27
-38	-10	50
4	0	50
-5	-4	50
38	-38	44
-40	-40	40
-40	-56	52
-44	-32	46
39	-9	49
59	2	27
-38	-10	50
-5	-4	50
-5	-8	38
-40	-40	40
-40	-56	52

// Inoue K, 2001: R Grasp - Hold
// Inoue K, 2001: L Grasp - Hold
// Inoue K, 2001: R Tool - Hold
// Inoue K, 2001: L Tool - Hold
// Inoue K, 2001: (R Tool - R Grasp) masked with (R Tool - Hold)
// Inoue K, 2001: (L Grasp - L Tool) masked with (L Grasp - Hold)
// Subjects=8
-40.15	-24.12	44.14
-24.96	-83.16	50.03
10.32	-86.03	50.98
14.35	-14.99	47.21
14.55	-91.98	42.51
-22.82	-87.46	49.25
-6.27	-62.29	-12.15
-18.74	-12.56	54.08
-24.96	-80.96	50.96
20.99	-79.54	51.43
22.9	-22.6	44.4
-26.13	-47.93	51.55
28.48	-84.95	49.57
-21.76	-79.88	50.83
45.51	-66.88	47.86
48.54	-21.39	44.01

// Menon V, 2001: Go - Rest
// Subjects=14
38	-26	56
-8	2	56
44	-68	-20
-46	-68	-16
-34	-66	56
-42	-4	46
50	2	38

// Casey B J, 1998: Pooled Subjects
// Subjects=8
-.87	37.19	35.2
4.5	36.34	37.44
2.47	8.92	40.88
-52.08	-3.98	30.32
48.52	-5.18	47.11
-3.72	-6.41	63.42
4.74	1.5	54.86
-16.35	-38.5	76.3
28.52	-31.8	76.34
5.58	-59.08	0.82
31.29	-86.76	-1.61

// Casey B J, 1998: Boston Site
// Subjects=5
-11.28	9.23	59.97
32.49	32.13	63.12
23.88	22.68	51.75
21.66	18.46	38.74
-21.9	-6.69	61.43
-33.56	-29.86	65.73
-12.66	-56.61	-6.98
37.49	-72.49	-24.07
41.9	-54.55	1.14
-.74	-71.29	8.61
24.78	-77.97	-11.2

// Casey B J, 1998: Madison Site
// Subjects=5
-17.64	4.25	64.92
-.56	-1.36	59.62
-37.98	-8.36	55.06
47.42	-19.71	38.3
41.22	-38.47	57.79
22.56	-50.32	-11.26
-26.6	-51.75	-11.69

// Casey B J, 1998: Minnesota Site
// Subjects=6
-36.22	58.04	32.74
27.55	26.31	-25.55
2.19	29.07	12.43
-65.19	14.86	-.1
-57.39	16.05	42.08
-40.22	14.72	50.92
-22.92	-8.39	67.16
-60.9	-17.86	-10.79
-39.95	-30.87	67.01
-31.89	-57.79	-6.66
-66.26	-76.25	-35.94
19.26	-59.02	-27.22

// Casey B J, 1998: Pittsburgh Site
// Subjects=8
1.97	50.96	-7.25
-24.57	41.59	11.68
18.01	28.08	-15.55
9.55	24.57	-5.12
-23.86	12.66	-46.12
-44.84	16.55	6.21
41.65	17.53	-2.67
-8.19	3.65	42.56
9.8	10.68	21.69
-33.7	-8.33	55.01
53.76	-9.44	32.91
-27.68	-2.46	6.49
24.62	-3.89	-2.91
3.32	-2.11	8.34
50.38	-22.26	5.03
53.82	-26.44	33.22
-43.22	-24.88	62.08
25.33	-29.45	79.52
66.36	-36.94	-7.31
-39.35	-38.91	4.11
-40.01	-41.32	55.62
-59.37	-51.53	35.51
35.84	-56.44	45.98
-20.48	-42.65	-45.98
45.88	-58.66	-38.71
2.15	-57.01	-27.19
-41.69	-67.47	-34.73
-11.17	-70.9	42.15
12.33	-78.59	36.95

// Ehrsson H H, 2001: Precision Grip - Baseline
// Ehrsson H H, 2001: Small Force - Large Force
// Ehrsson H H, 2001: Large Force - Small Force
// Subjects=6
-36	-20	48
0	0	48
-64	0	16
-48	-32	20
-24	0	8
-16	-16	12
-36	16	8
-40	-40	36
-40	-4	16
-12	-20	40
-52	40	20
-32	-60	40
-48	52	12
-12	-68	36
64	-36	36
56	4	8
56	0	40
56	-36	32
24	4	8
40	0	32
40	-40	36
44	32	24
28	16	4
48	-52	52
32	40	16
44	-40	16
28	-68	40
36	-64	60
-64	12	28
0	16	32
52	-44	48
48	4	28
64	12	12
-40	-24	52
-52	-24	16
52	-24	32

// Grafton S T, 1992: Pursuit vs. Control
// Subjects=6
-24.02	-17.45	60.12
27.26	-12.91	59.15
-6.95	-8.89	59.21
-7	-13.8	50.7
5.81	-11.61	50.37
-28.76	-20.16	-2.05
-9.6	-18.61	-11.32
3.4	-56.26	-3.85
5.39	-55.5	-21.78
29.25	-93.49	7.9
-24.31	-68.77	1.98

// Maldjian J A, 1999: Motor Ball Squeezing vs. Rest
// Subjects=5
44	-24	48
36	-38	51

// Murtha S, 1999: Semantic Judgment Anticipation - Baseline (Activations)
// Murtha S, 1999: Semantic Judgment Anticipation - Baseline (Deactivations)
// Subjects=10
-55	-14	29
-63	-6	18
-19	51	-9
31	51	-2
3	18	44
-1	55	-24
44	-74	-6

// Wheaton K J, 2004: Face Moving vs. Still
// Wheaton K J, 2004: Hand Moving vs. Still
// Wheaton K J, 2004: Leg Moving vs. Still
// Subjects=12
55.32	-62.06	1.73
67.21	-34.6	7.78
55.29	-43.67	3.28
50.7	-56.61	-20.02
51.17	21.33	32.77
53.11	-62.38	-1.56
-38.16	-37.72	49.1
38.47	-31.48	42.7
61	-11.82	33.64
47	12.57	42.67
46.65	-60.07	0.56
55.29	-43.67	3.28
22.86	-86.61	-6.49
44.21	-61.09	-21.71
45.04	-38.49	47.76
-26.31	-50	43.39
23.39	-50.89	42.63
23.59	-61.45	56
-35.17	-3.55	35.58
62.81	22.79	13.38
42.18	24.12	5.76
-58.04	9.27	24.62
31.83	5.61	38.02
-9.23	22.9	41.49

// Blinkenberg M, 1996: Fingertapping vs. Rest
// Subjects=8
-11.61	-72.18	-15.72
20.36	-57.53	-21.78
-47.88	-25.59	12.01
48.14	-9.12	-3.86
-30.41	-21.72	60.55
57.02	-5.65	40.36
-4.91	-9.9	45.89
-26.58	-24.03	2.71
56.67	-33.36	-15.3
41.66	16.56	-1.47

// Catalan M J, 1998: Sequence-12 vs. Rest
// Catalan M J, 1998: Sequence-12 vs. Simple
// Subjects=13
-45.73	-19.25	51.89
-15.49	-1.71	54.12
-8.95	-1.27	58.44
7.6	-63.58	-11.87
-26.18	-62.14	51.31
29.95	-62.36	45.9
25.62	-1.15	57.84
27.71	-12.61	49.98
6.09	4.75	53.11
-45.69	-16.71	56.12
-26.17	-64.27	51.52
32.17	-64.06	50.51
-32.73	0.77	58.65
32.1	-1.13	57.73
-17.49	-74.87	52.43
17	-66.66	46.54
3.22	-64.01	-16.24

// Honey G D, 2003: Normals
// Subjects=27
19.35	-55.88	-14.1
-39.02	-24.57	51.97
47.57	-32.51	51.64
4.71	-3.16	49.67

// Joliot M, 1998: Finger Tapping - Rest
// Subjects=5
-39.06	-15.65	67.1
-4.65	-12.31	54.98
-52.2	-23.53	52.42
-59.04	-13.07	26.85
7.57	-55.07	-12.71
70.67	-27.51	26.07
-54.58	-40.5	31.73
-31.35	3.68	-2.17
-37.93	-1.43	-10.52
70.83	-17.54	40.77
33.53	-56.9	-10.73
-18.27	-12.88	3.72
-27.17	-19.24	-17.91

// Lerner A, 2004: Normals
// Subjects=10
15	-52	-35
6	1	44
-3	-15	55
-36	1	-6
-45	-11	36
-47	-1	30
36	-1	-2
52	8	-7
-29	-29	16
-36	2	-7
-20	-21	6
-41	-25	39
25	-60	-19

// Ramsey N F, 1996: Subject 1
// Subjects=1
-34.54	-13.86	55.26
-30.42	-16.26	62.33
-36.15	-15.49	53.52
-33.62	-20.68	60.5

// Ramsey N F, 1996: Subject 2
// Subjects=1
-34.54	-13.86	55.26
-40.13	-15.06	51.19
-36.15	-15.49	53.52
-43.34	-18.51	48.17

// Ramsey N F, 1996: Subject 3
// Subjects=1
-34.54	-13.86	55.26
-36.91	-5.1	55.89
-36.15	-15.49	53.52
-35.81	-14.61	56.67

// Ramsey N F, 1996: Subject 4
// Subjects=1
-34.54	-13.86	55.26
-30.55	-14.37	45.44
-36.15	-15.49	53.52
-34.81	-7.63	50.5

// Ramsey N F, 1996: Subject 5
// Subjects=1
-34.54	-13.86	55.26
-31.54	-11.32	57.46
-36.15	-15.49	53.52
-41.21	-10.84	50.84

// Ramsey N F, 1996: Subject 6
// Subjects=1
-34.54	-13.86	55.26
-38.98	-14.28	61.14
-36.15	-15.49	53.52
-41.21	-10.84	50.84

// Ramsey N F, 1996: Subject 7
// Subjects=1
-34.54	-13.86	55.26
-35.86	-21.72	47.23
-36.15	-15.49	53.52
-34.79	-26.12	45.36

// Ramsey N F, 1996: Subject 8
// Subjects=1
-34.54	-13.86	55.26
-33.68	-17.94	54.7
-36.15	-15.49	53.52
-30.46	-18.89	55.86

// Ramsey N F, 1996: Subject 9
// Subjects=1
-34.54	-13.86	55.26
-33.67	-9.05	59.53
-36.15	-15.49	53.52
-30.43	-12.03	61.97

// Sadato N, 1996: Various Lengths
// Sadato N, 1996: Increased Complexity:  rCBF Increases
// Sadato N, 1996: Increased Complexity:  rCBF Decreases
// Subjects=10
-34.87	-18.8	56.14
16.18	-61.84	-16.67
-4.63	-1.26	58.37
32.07	-7.92	53.92
-31.29	-4.62	0.89
-50.4	-4.33	28.08
19.09	9.46	56.9
-3.22	-59.36	-12.1
-11.79	-19.44	2.02
21.38	-53.05	54.09
-50.26	-55.79	28.68

// Astafiev S V, 2003: Pointing vs. Fixation
// Astafiev S V, 2003: Pointing > Saccade
// Subjects=15
-25.01	-61.67	52.69
32.68	-57.09	51.64
-35.75	-46.93	51.58
39.09	-48.25	55.29
-37.97	-32.48	45.93
-9.99	-71.98	55.61
17.77	-65.47	54.75
0.61	-53.06	51.67
-27.24	-73.63	35.88
36.85	-75.7	30.85
2.63	-71.85	28.69
-23.05	-4.21	52.31
28.31	-12.02	56.84
-38.02	-6.59	50.45
38.92	-1.73	51.39
-38.21	2.44	29.62
-57.41	-1.73	32.42
36.67	1.46	37.77
53.72	5.45	32.77
-44.39	-17.2	51.41
-3.88	4.02	46.94
2.45	20.8	43.23
-31.91	36.49	28.93
25.76	27.69	20.08
40.8	17.55	25.22
-37.89	-46.94	51.6
-35.75	-55.73	47.86
-5.74	-78.81	49.45
2.75	-63.96	48.1
-42.33	-61.88	23.91
-57.32	-49.11	25.24
-55.4	-40.41	-0.04
26.23	-13.64	63.69
-10.04	-17.57	71.12
13.46	-24.12	66.94

// Connolly J D, 2000: Pro-Pointing vs. Fixation
// Connolly J D, 2000: Anti-Pointing vs. Fixation
// Subjects=7
-11.16	-67.56	44.1
19.84	-62.88	46.7
-45.54	-30.12	35.78
42.22	-47.95	45.19
2.7	-44.75	48.72
-35.86	-48.04	37.17
2.6	-4.06	52
-40.18	-19.98	42.68
-26.27	-4.32	51.24
34.65	-5.01	50.6
0.24	16.76	32.44
2.4	37.81	42.92
50.39	16.29	21.87
48.26	14.08	20.96
-10.13	-73.44	36.78
16.61	-71.88	40.8
-29.42	-59.81	35.86
32.55	-65.06	31.13
-36.88	-47.53	43.84
43.29	-47.94	45.18
2.67	-57.16	39.73
3.74	-48.26	44.54
-45.55	-35.67	32.9
2.6	-4.06	52
2.54	8.54	49.83
-43.4	-21.31	39.48
-28.43	-6.79	47.01
37.86	-7.11	50.74
-28.47	5.9	45.95
30.33	3.25	47.73
3.43	15.47	29.17
-48.96	7.15	22.66
49.35	9.94	22.41
-43.44	-1.93	42.32

// Katanoda K, 2001: Writing - Naming
// Subjects=17
-18	-42	64
-12	-52	64
40	-28	46
-20	-4	58
-28	0	46
-34	-8	50
-26	-14	66
-36	-28	48
-8	-4	44
-6	4	34
-10	-16	42
-14	-16	4
-10	10	-2
-16	-64	-16
20	-52	-22
6	-64	-16
6	-56	-12
24	-66	-50
-34	-18	52

// Seurinck R, 2005: Self-Paced, Button Press Hand, Right > Left
// Seurinck R, 2005: Self-Paced, Button Press Hand, Left > Right
// Subjects=24
-34.7	-17.52	60.25
46.48	-14.03	56.8
37.96	-17.08	59.38

// Sylvester C C, 2003: Normals, Group 2
// Subjects=14
19	-8	60
15	-56	60
22	52	10
8	11	10
-15	4	10

// Watanabe J, 2004: LEFT > REST
// Watanabe J, 2004: RIGHT > REST
// Watanabe J, 2004: RETR > REST
// Watanabe J, 2004: LEFT > RETR
// Watanabe J, 2004: RIGHT > RETR
// Watanabe J, 2004: (LEFT + RIGHT) > (2*RETR)
// Subjects=24
-56	2	28
-50	-8	46
-28	-58	64
-6	-2	58
-24	-6	70
-36	-42	46
-26	-2	-2
-12	-18	2
-16	-62	-24
-14	-70	-50
56	-6	30
62	4	22
42	-10	62
2	-6	70
26	2	2
14	-18	2
16	-64	-24
16	-72	-50
-58	2	30
-54	-6	28
-42	-12	52
-4	-2	54
-10	-8	70
-36	-42	46
-28	-4	-2
-14	-18	4
-14	-62	-24
54	-6	28
62	4	22
56	-24	36
40	-8	56
32	-2	-8
16	-18	2
18	-66	-26
14	-70	-50
-54	-2	26
-48	-10	44
-58	-4	10
-6	0	54
-14	-64	-20
54	-4	28
60	4	20
56	2	6
6	-2	72
26	-2	2
18	-66	-24
-20	-6	58
-38	6	44
-12	-68	60
-28	-60	62
-38	-40	46
30	2	56
14	-60	66
38	-44	54
-22	-2	64
-14	10	56
-24	-64	50
-32	-54	48
-36	-38	42
26	6	58
16	-66	60
42	-42	52
-22	-4	60
-36	6	40
-12	-64	58
-30	-58	62
-22	-66	54
-36	-40	42
28	6	60
14	-62	62
32	-58	64
40	-44	52

// Fox P T, 2004: Finger Movement vs. Sham TMS
// Subjects=12
-40.11	-19.29	51.54

// Denslow S, 2005: Volitional Movement
// Subjects=11
-40	-12	62
-40	-34	62
-26	-12	70
-4	2	54
-30	-40	68
-50	-44	52
-40	36	28
-30	52	-10
32	52	-6
-46	48	2
50	46	4
-22	-8	-6
-6	-16	4
26	2	-20
8	-68	-14
-64	-30	6
64	-38	6
58	8	2

// Rounis E, 2005: Main Effects of Movement
// Subjects=8
-42	-28	56
-34	-16	64
34	4	54
-58	0	32
-8	-8	56
-4	6	46
-24	-60	-26
58	-24	44
58	-28	44
66	-20	18
-30	38	26
16	2	58
22	-52	-24
38	42	26
64	8	20
-40	-32	12
-44	-4	4

// De Luca M, 2005: Control Subjects
// Subjects=7
-2	-7	52
-41	-18	56
-39	-24	54
-43	-9	48

// Hamzei F, 2003: Active vs. Passive
// Subjects=12
-51	9	-9
-39	-45	60
-57	-42	42

// Pierno A C, 2006: Action vs. No Action
// Pierno A C, 2006: Interaction Between Type of Observed Behaviour and 
// Distractor
// Subjects=14
-40	-12	62
-48	-10	36
42	-8	34
56	28	28
-54	-44	12
54	-32	8
-28	-44	64
26	-42	58
-48	-36	26
50	-27	26
-50	-74	6
48	-74	8
28	-82	30
-49	34	11
-47	7	25
54	-6	52
58	-7	27

// Wilson S M, 2004: Producing Speech
// Wilson S M, 2004: Moving Fingers
// Subjects=10
-51	-11	46
-45	-13	34
-56	-4	22
56	-8	44
48	-10	35
60	0	20
-38	-22	58
39	-21	59

// Nowak M, 2005: Normals
// Subjects=8
42	-28	64
38	-26	50
54	-18	48
-20	-52	-20
-8	-54	-14
56	-32	26
54	-22	20
36	-8	0
26	-6	6
-64	-4	28
2	-5	54
42	-2	10
48	-8	8
-48	-8	10

// Wong S W, 2007: 35% Maximum Contraction - 5% Maximum Contraction, 
// Deactivations
// Wong S W, 2007: Right and Left Hand, 35% Trials, Activations
// Wong S W, 2007: Right and Left Hand, 35% Trials, Deactivations
// Subjects=17
0	48	-2
-50	-62	40
-18	58	26
-42	4	8
38	2	14
32	14	2
-22	-14	6
14	-18	8
30	-2	0
4	-2	62
6	6	48
32	-2	64
-30	26	24
28	38	22
-54	4	8
50	6	14
-26	-58	44
34	-42	46
28	-54	42
-40	0	32
50	-28	48
60	-32	24
-28	-54	-26
16	-46	-28
-2	-62	-24
8	-26	-12
-26	-92	-6
34	-86	-4
0	46	-4
-2	58	-4
-10	40	54
-38	-74	44
42	-82	24
12	-40	62
36	12	-22
-8	-40	44
2	-52	34
8	-68	18
-4	-84	24
6	-78	30
-24	-82	42
42	-82	24
-10	-54	2
14	-48	0

// Rektor I, 2006: Dots vs. Fixation
// Subjects=10
-51	-27	42
-54	9	15
-42	-30	39
-33	-36	60
-60	-24	30
-9	-30	45
-33	-27	57
-12	-15	0
0	-9	60
36	-93	-6
60	-27	33

// Begliomini C, 2007: Grasping Small > Reaching Small
// Begliomini C, 2007: Grasping Large > Reaching Large
// Begliomini C, 2007: Grasping Small > Grasping Large
// Subjects=12
-33.87	-12.83	51.05
-50.11	-16.39	48.31
-33.8	-31.97	52.94
-33.88	-29.3	47.07
23.66	-54.78	-21.98
17.27	-53.01	-14.2
-43.46	-15.12	61.52
-50.22	-10.63	41.02
23.67	-51.38	-20.08
-37.14	-42.59	42.84

// Mallol R, 2007: Normals
// Subjects=11
-34.89	-24.43	53.33
-32.69	-31.76	55.14
-34.73	-41.78	62.89
8.19	5.4	48.53
-2.59	-1.02	49.35
-2.66	10.47	45.97
-29.01	-13.56	8.46
60.48	14.95	-1.49
55.19	-2.84	3.72
61.19	-31.2	44.52
53.56	-33.87	39.31
65.28	-20.83	28.86
58.76	5.09	30.89
-53.53	-39.64	29.38
-64.33	-39.68	29.57
32.26	-43.67	61.94
20.7	2.02	11.67

// Milner T E, 2007: Simple Grip vs. Rest
// Milner T E, 2007: Complex Grip vs. Rest
// Milner T E, 2007: Complex Grip vs. Simple Grip
// Subjects=17
-42	-22	48
18	-54	-18
-36	-20	56
20	-56	-20
14	-62	-54
-14	-22	6
-44	0	4
-34	-32	60
-50	-26	14
-40	-42	60
68	-26	20

// Ghatan P H, 1995: Motor Control vs. Rest, Increase in rCBF
// Ghatan P H, 1995: Motor Control vs. Rest, Decrease in rCBF
// Subjects=8
60.13	-61.5	5.97
28.48	-57.4	61.76
28.07	37.16	46.02
4.71	13.3	56.1
4.52	31.05	37.88
-1.76	-93.93	4.95
-46.79	-79.28	-8.03
-46.7	-72.8	7.03
-33.55	-41.91	61.17
-52.5	48.77	-3.09
-38.42	17.82	8.26
-16.71	26.92	55.2
-1.7	13.26	56.18
-42.35	4.93	48.42
-42.27	-16.22	50.19
-14.8	30.08	27.04
4.11	46.66	-8.03
4.14	40.31	-7.5
40.76	-8.14	9.53
6.92	-48.5	41.18
-6.58	48.71	-8.08
-2.27	40.27	-7.42
-59.51	-28.78	26.91
-3.74	-53.85	41.75

// Blok B F M, 1997: Sustained Abdominal Straining - Rest
// Subjects=6
30	-22	66
-28	-24	66
0	-30	62
2	-4	64
0	-42	-16
-12	2	0
16	24	54

// Gavazzi C, 2007: Normals
// Subjects=11
-28	-18	54
18	-80	-10
-36	4	2

// Marchand W R, 2007: Normals
// Subjects=15
-32	-32	62
-54	-26	54
10	-56	-22
22	-8	6
18	-18	6
42	38	24
34	-26	56
56	-16	52
54	-44	46
-28	-88	0
32	-82	14
-8	-54	-22

// Diedrichsen J, 2006: Congruency Effect for Spatial Cues
// Diedrichsen J, 2006: Congruency Effect for Symbolic Cues
// Diedrichsen J, 2006: Symbolic > Spatial
// Subjects=15
-18	-80	54
10	-84	46
16	-72	62
28	-70	60
-6	-84	-28
-12	-78	-32
-16	-80	56
-8	-78	56
-16	-88	42
-26	-60	56
18	-78	54
12	-74	60
-10	22	46
0	28	46
-26	-70	40
-36	-50	38
-26	60	-6
-32	44	-12
-36	52	-6
-40	-2	32
-50	2	38
32	-90	-10
38	-78	-18
-22	-98	-10
-28	-88	-29

// Lissek S, 2007: Simple + Complex 1 + Complex 2 > Rest, Dominant Hand
// Lissek S, 2007: Simple + Complex 1 + Complex 2 > Rest, Non-Dominant Hand
// Lissek S, 2007: Simple > Rest, Dominant Hand
// Lissek S, 2007: Simple > Rest, Non-Dominant Hand
// Lissek S, 2007: Complex 1 + Complex 2 > Rest, Dominant Hand
// Lissek S, 2007: Complex 1 + Complex 2 > Rest, Non-Dominant Hand
// Subjects=16
-34	-28	56
56	-16	24
-34	-10	60
60	-18	44
0	-2	64
8	0	64
-24	14	62
52	4	50
54	6	44
58	8	38
-32	42	28
-56	4	36
60	10	20
-56	8	20
60	14	12
34	20	-2
0	4	54
32	42	30
-56	-22	48
62	-30	42
-54	-24	42
50	-24	38
-50	-24	18
54	-32	54
66	-20	20
-44	-38	60
42	-36	48
-46	2	2
42	10	-2
60	12	0
-52	6	2
50	8	4
62	-34	20
56	16	-8
-8	8	40
10	10	40
14	-104	6
-18	-16	20
-16	-20	8
14	-4	6
16	-8	6
16	-16	20
-18	-6	-2
16	-4	-6
-26	-2	8
22	8	4
-30	18	4
30	2	12
40	-22	62
-38	-10	60
32	6	66
58	12	4
0	-2	58
36	44	32
-60	8	24
60	10	24
62	10	16
-64	-20	28
54	-20	54
-56	-24	40
40	-22	50
-58	-22	20
62	-26	18
54	-18	18
-40	-40	50
-34	-40	46
-42	4	0
50	-22	22
-52	4	4
-52	-34	14
2	-54	0
-10	12	34
6	12	40
16	-18	6
24	-8	2
20	-6	-2
26	-2	6
-32	-28	56
-24	-22	74
-44	2	10
62	14	12
0	-2	64
-52	-22	52
-56	-22	50
-58	-18	26
-58	-22	18
-48	-24	18
-52	6	2
-4	-6	40
6	-94	-8
-16	-18	2
-28	0	-8
40	-18	60
34	-16	62
0	-2	62
6	0	68
44	-26	62
52	-18	14
-42	2	0
46	-22	18
-58	-22	20
-16	-104	8
18	-104	8
-26	-94	6
18	-18	4
28	-4	-2
-38	-26	58
60	-16	34
-34	-10	58
60	-18	42
52	8	10
0	0	62
10	0	64
-30	-12	68
32	-6	66
-58	6	34
60	10	22
-56	8	18
56	12	12
0	4	54
-58	-20	30
62	-30	42
-40	-28	54
58	-16	24
-38	-46	64
-58	-22	20
40	-40	58
64	-18	20
-44	-38	60
40	32	44
-42	10	-2
50	10	4
-50	-22	18
-52	6	4
62	-34	20
56	16	-8
14	-4	6
-14	-12	0
16	-16	20
-18	-6	-2
18	-2	-2
-26	-2	10
22	6	4
40	-22	62
-56	0	38
30	-14	60
-2	-2	64
8	0	64
-34	-8	62
32	-6	64
-58	6	34
-60	8	22
60	10	24
62	10	16
-64	-20	28
-62	-22	32
42	-36	66
-56	-24	38
40	-34	58
-58	-22	20
-34	-44	54
-24	-54	66
30	-50	64
-46	-38	24
50	-22	22
-52	36	14
2	-54	0
16	-16	8
14	-12	20
18	-4	-2
26	2	6

// Subjects=0

// Creem-Regehr S H, 2005: Finger Clenching > Rest
// Subjects=12
12	-56	-16
-8	-62	-18
-52	-28	46
-36	-30	60
36	-24	64
44	-18	52
-4	-10	54
6	-6	48
-60	-32	24
22	-20	4

// Subjects=0

// Grezes J, 2004: Observation of Faked Actions
// Subjects=11
14	66	24
64	-44	22
54	14	8
50	-32	-6

// Simon O, 2004: Manual Tasks Only
// Simon O, 2004: Grasping Only
// Subjects=10
-4	6	44
-5	-4	60
-36	-44	56
-40	-26	56
-32	-44	64
8	3	56
36	-44	52
-44	12	12
-38	-14	56
-56	2	8
-6	-7	72
-20	-10	80
-28	-44	68
-46	-40	40
-60	-32	36
-48	-40	60
8	4	44
62	14	36
8	-4	56
14	1	72
34	-48	60
64	-32	24

// Leslie K R, 2004: Face Imitation
// Leslie K R, 2004: Face Viewing
// Subjects=15
55.68	15.04	45.64
53.19	14.77	19.94
58.46	19.28	10.44
64.99	17.48	13.87
-58.92	4.23	39.7
-62.47	10.65	16.71
-50.79	4.78	-.83
11.54	13.9	58.84
-7.84	7.76	63.13
58.83	-2.05	34.96
-43.81	-2.41	36.74
61.9	-26.24	17.13
68.46	-35.48	21.29
-59.08	-13.38	23.52
-59	-22.64	27.79
53.12	-63.44	-1.45
53.16	-63.13	1.88
-47.33	-70.18	0.92
33.77	-92.33	0.61
-21.33	-99.12	-0.02
46.35	-54.7	-22.37
-18.5	-67.15	-25.64
-41.08	-72.99	-17.96
55.68	15.04	45.64
53.19	14.77	19.94
58.46	19.28	10.44
64.99	17.48	13.87
-58.92	4.23	39.7
11.54	13.9	58.84
61.9	-26.24	17.13
68.46	-35.48	21.29
-59	-22.64	27.79
53.12	-63.44	-1.45
53.16	-63.13	1.88
-47.33	-70.18	0.92
33.77	-92.33	0.61
-21.33	-99.12	-0.02
46.35	-54.7	-22.37
-41.08	-72.99	-17.96

// Grafton S T, 1996: Observed Grasping > Object Viewing
// Subjects=7
0.49	-1.53	57.39
25.08	-4.55	57.36
-57.27	-21.14	42.97
50.69	-36.61	39.68
-15.44	-85.19	36.71
-37.04	-44.85	23.54
-50.26	39.96	6.54
-60.82	-21.41	-1.57
14.99	-72.16	-31.64

// Kroliczak G, 2007: Grasp - Reach
// Subjects=10
-48.71	-31.91	40.43
-36.78	-25.64	65.42
-69.26	-25.8	11.16
-46.56	-23.01	45.24
-12.69	-15.23	5.16
47.52	-34.08	45.08
37.96	-40.14	50.16
17.15	-49.89	-19.04
59.03	13.94	32
44.26	-16.04	44.72
36.89	-29.15	54.83
10.82	-15.01	5.99

// Filimon F, 2007: Actual Reaching > Passive Viewing
// Filimon F, 2007: Observed Reaching > Passive Viewing
// Subjects=15
-45	-41	14
-23	-14	14
-33	-18	14
-37	-30	14
-31	-28	14
-30	-37	14
-52	12	13
-21	-2	14
-31	3	6
-48	-47	9
-33	-46	14
-27	-55	14
-57	-38	14
-4	-60	11
-10	0	13
-5	-5	14
-14	-88	14
-45	-72	14
-3	-74	14
-2	-88	14
-11	-81	13
54	-35	13
37	-11	13
34	-38	7
29	-40	11
23	-5	12
26	-52	12
20	-59	14
60	-31	14
7	-64	12
7	2	14
15	-90	14
6	-76	13
5	-86	13
13	-79	13
-14	-92	26
-29	-52	47
-29	-57	64
-23	-6	60
-45	-76	3
-45	-58	12
-6	-62	52
-1	-89	10
20	-91	26
28	-52	49
21	-62	66
48	-72	4
51	-50	11
7	-65	52

// Gizewski E R, 2007: Signal Changes for Activated Regions, Subject 1, 1.5T 
// Scanner
// Gizewski E R, 2007: Signal Changes for Activated Regions, Subject 1, 7T 
// Scanner
// Gizewski E R, 2007: Signal Changes for Activated Regions, Subject 2, 1.5T 
// Scanner
// Gizewski E R, 2007: Signal Changes for Activated Regions, Subject 2, 7T 
// Scanner
// Gizewski E R, 2007: Signal Changes for Activated Regions, Subject 3, 1.5T 
// Scanner
// Gizewski E R, 2007: Signal Changes for Activated Regions, Subject 3, 7T 
// Scanner
// Gizewski E R, 2007: Signal Changes for Activated Regions, Subject 4, 1.5T 
// Scanner
// Gizewski E R, 2007: Signal Changes for Activated Regions, Subject 4, 7T 
// Scanner
// Gizewski E R, 2007: Signal Changes for Activated Regions, Subject 5, 1.5T 
// Scanner
// Gizewski E R, 2007: Signal Changes for Activated Regions, Subject 5, 7T 
// Scanner
// Gizewski E R, 2007: Signal Changes for Activated Regions, Subject 6, 1.5T 
// Scanner
// Gizewski E R, 2007: Signal Changes for Activated Regions, Subject 6, 7T 
// Scanner
// Gizewski E R, 2007: Signal Changes for Activated Regions, Subject 7, 1.5T 
// Scanner
// Gizewski E R, 2007: Signal Changes for Activated Regions, Subject 7, 7T 
// Scanner
// Gizewski E R, 2007: Signal Changes for Activated Regions, Subject 8, 1.5T 
// Scanner
// Gizewski E R, 2007: Signal Changes for Activated Regions, Subject 8, 7T 
// Scanner
// Gizewski E R, 2007: Signal Changes for Activated Regions, Subject 9, 1.5T 
// Scanner
// Gizewski E R, 2007: Signal Changes for Activated Regions, Subject 9, 7T 
// Scanner
// Subjects=9
-36	-28	70
-52	-20	20
-4	-6	60
16	-56	-24
-44	-30	62
-52	-20	20
-2	-10	62
-14	-20	0
14	-50	-28
-36	-26	70
-48	-24	28
-2	-10	62
-14	-20	8
16	-52	-18
-36	-30	62
-40	-24	19
-4	-4	52
-14	-24	0
22	-52	-28
-44	-24	56
-60	-16	28
-4	-2	58
26	-52	-24
-38	-24	70
-62	-14	28
-2	-2	58
-24	-10	6
18	-48	-22
-34	-18	68
-54	-20	20
-4	-2	56
18	-46	-24
-44	-24	58
-52	-24	22
-8	-4	56
-16	-24	4
14	-52	-18
-38	-32	64
-48	-30	20
-8	-6	52
20	-52	-24
-44	-18	60
-50	-28	20
-10	-2	54
-22	-20	-2
18	-46	-26
-44	-26	60
-58	-22	28
0	-4	58
18	-54	-26
-40	-26	64
-50	-26	18
-2	-4	54
-14	-20	6
18	-50	-28
-42	-20	64
-58	-20	22
-6	-8	52
22	-56	-24
-42	-24	66
-58	-18	18
-6	-10	50
-16	-22	8
24	-54	-28
-46	-12	56
-52	-18	12
20	-54	-20
-46	-18	54
-60	-18	8
-10	-8	52
-14	-22	0
18	-50	-28
-40	-32	64
-2	-2	-46
18	-50	-24
-38	-22	54
-54	-24	22
-6	2	48
-22	-26	6
16	-48	-22

// Hesselmann V, 2004: Subject AM
// Subjects=1
-42.31	-18.85	43.72
58.21	-14.21	53.33
-42.32	-14.62	43.37
57.1	-13.59	47.72
-49.92	-11.46	29.81
64.4	-5.49	27.99
-56.38	-7.61	25.1
62.26	-7.7	27.09

// Hesselmann V, 2004: Subject BS
// Subjects=1
-43.4	-25.71	37.62
51.63	-11.65	32
-42.32	-14.62	43.37
57.1	-13.59	47.72
-49.96	-6.34	27.15
64.33	-4.06	18.95
-56.38	-7.61	25.1
62.26	-7.7	27.09

// Hesselmann V, 2004: Subject JK
// Subjects=1
-59.42	-12.52	44.5
54.87	-12.35	36.48
-42.32	-14.62	43.37
57.1	-13.59	47.72
-61.72	-8.7	25.25
63.27	-3.89	21.18
-56.38	-7.61	25.1
62.26	-7.7	27.09

// Hesselmann V, 2004: Subject JS
// Subjects=1
-40.18	-15.57	44.54
60.31	-14.63	47.77
-42.32	-14.62	43.37
57.1	-13.59	47.72
-51	-5.03	30.4
62.29	-10.7	29.57
-56.38	-7.61	25.1
62.26	-7.7	27.09

// Hesselmann V, 2004: Subject TK
// Subjects=1
-50.86	-4.64	49.32
54.96	-14.75	46.72
-42.32	-14.62	43.37
57.1	-13.59	47.72
-53.13	-4.96	31.53
68.68	-8.72	27.1
-56.38	-7.61	25.1
62.26	-7.7	27.09

// Hesselmann V, 2004: Subject TV
// Subjects=1
-40.19	-19	41.48
56.03	-14.66	47.82
-42.32	-14.62	43.37
57.1	-13.59	47.72
-55.23	-10.09	34.21
62.3	-5.16	32.45
-56.38	-7.61	25.1
62.26	-7.7	27.09

// Martin R E, 2004: Voluntary Saliva Swallow
// Martin R E, 2004: Voluntary Tongue Elevation
// Martin R E, 2004: Voluntary Finger Opposition
// Martin R E, 2004: Voluntary Saliva Swallow + Voluntary Tongue Elevation
// Martin R E, 2004: Voluntary Saliva Swallow + Voluntary Finger Opposition
// Martin R E, 2004: Voluntary Tongue Elevation + Voluntary Finger Opposition
// Subjects=14
-59.61	-14.49	19.02
-61.62	-23.07	32.03
-.76	14.1	39.37
2.55	3.17	49.17
2.61	-2.83	54.13
3.93	-67.15	61.74
1.68	-84.91	38.72
40.76	-3.65	12.5
47.53	-7.68	56.25
-58.58	-.56	20.07
-55.26	-10.35	30.89
54.59	41.87	21.9
-52.27	41.23	23.19
62.25	-46.25	10.25
-59.72	-5.74	8.25
-47.87	-4.64	21.41
51.63	-1.71	36.74
51.74	-14.85	45.65
62.4	-17.25	41.27
5.72	3.38	44.65
3.68	2.72	57
23.52	7.9	-1.66
-15.99	3.61	1.39
10.8	-16.32	2.75
-8.4	-9.58	9.1
-3.54	-62.71	64.8
58.07	-28.87	28.91
-55.26	-30.15	22.51
65.29	2.49	7.24
-57.6	-2.64	6.85
52.44	1.1	4.16
-55.52	7.77	3.72
51.46	38.22	30.05
34.72	0.16	62.43
-38.3	36.62	31.22
14.41	-2.25	60.64
-25.16	-6.17	54.73
58.04	-47.88	17.12
1.56	-4.87	55.43
3.62	-2.28	47.38
24.68	3.39	8.75
-22.34	3.11	9.31
-41.12	-37.36	51.95
54.91	-43.78	29.08
-23.02	-11.61	52.93
-46.46	-20.84	59.55
11.34	-60.22	54.38
12.34	-72.96	40.94
64.36	-39.98	8.58
37.47	11.93	7.88
-35.19	11.5	8.75
-61.75	-16.7	18.12
-58.53	-6.65	23.93
-62.66	-27.14	34.61
-.58	-.48	57.32
3.54	10.02	41.33
65.41	-14.88	16.5
6.08	-60.45	65.61
1.52	-73.34	23.25
0.46	-.73	53.98
0.42	-1.16	48.44
2.61	-3.89	54.22
2.57	-2.12	49.61
64.36	-39.98	8.58

// Mostofsky S H, 2006: Normal Children
// Subjects=11
51.56	-27.21	53.26
-43.43	-18.2	62.95
23.21	-48.94	29
43.02	-28.64	61.39
-49.94	-29.38	58.56
26.82	-63.05	-30.18
-27.11	-75.69	-24.65
12.39	14.37	40.85

// Onozuka M, 2002: Increases in During Chewing Moderately Hard Gum
// Onozuka M, 2002: Increases in During Chewing Hard Gum
// Subjects=17
-48	-18	32
52	-14	30
-4	-8	56
8	-8	64
-40	-12	16
42	-6	12
-12	-20	0
14	-18	2
-8	-68	-22
20	-66	-28
-48	-20	38
56	-12	30
-2	-6	60
10	-6	58
-42	-14	16
40	-8	14
-10	-20	0
14	-20	2
-14	-66	-22
18	-66	-26

// Onozuka M, 2003: Young Adults
// Subjects=10
6	4	54
-48	-10	30
36	4	6
14	-16	4
-8	-64	-18
34	58	14

// Onozuka M, 2003: Middle-Aged Adults
// Subjects=8
-10	-6	64
-50	-10	42
-40	-12	14
22	-10	0
-10	-66	-2
30	60	22

// Stephan K M, 1995: Executed Movement vs. Motor Preparation
// Stephan K M, 1995: Executed vs. Imagined Movements
// Subjects=6
5.83	19.37	65.61
-4.73	-3.62	72.12
1.55	-4.95	54.32
10.19	-10.56	63.61
-.72	2.47	40.34
-.62	-14.11	46.19
-6.99	-26.84	47.33
14.24	-6.25	36.44
-15.47	-8.6	63.74
-15.48	-15.29	59.84
18.77	-10.17	67.94
20.84	-10.84	59.05
-17.67	-9.3	54.91
27.21	-9.03	54.37
-41.57	1.94	9.63
50.35	7.06	12.6
41.78	2.44	8.63
-21.78	-16.41	73.39
-26.1	-14.66	68.83
-28.31	-22.05	56.1
29.45	-27.71	60.37
-30.38	-41.1	57.72
37.98	-32.23	56.19
-21.74	-55.51	63.29
27.41	-53.1	62.52
-15.34	-60.04	59.13
-15.4	-71.64	46.73
18.84	-57.72	58.55
18.8	-64.75	50.22
-32.58	-41.79	48.88
-21.82	-51.96	54.07
-19.8	-48.75	40.39
31.55	-45.64	48.47
35.75	-33.27	42.92
40.04	-46.27	39.5
-43.41	-21.39	38.37
-47.72	-30.56	30.27
50.62	-18.72	37.07
-43.55	-20.65	20.47
54.74	-15.83	18.94
5.53	-54.13	-4.05
-6.93	-15.23	59.74
-.58	-15.88	50.8
-2.71	-26.81	47.28
-21.81	-18.87	69.14
-15.43	-19.17	64.63
-28.26	-17.13	64.61
-28.31	-22.05	56.1
-34.78	-24.89	47.49
-30.38	-41.1	57.72
-15.43	-45.58	53.46
-41.27	-23.5	38.52
-39.28	-20.62	20.42
-9.44	-16.9	10.84
3.6	-1.39	45.08
9.99	-3.81	40.75
18.78	-12.28	68.12
31.57	-14.66	63.71
33.67	-12.88	59.08
18.83	-55.6	58.37
35.81	-32.58	51.78
50.58	-16.94	32.46

// Takada T, 2004: Gum Chewing - Sham Chewing AND Gum Chewing - Rest
// Subjects=12
55.22	48.81	16.54
-46.54	64.43	5.52
-55.52	48.73	-24.15
47.38	-63.38	56.91
-41.34	-66.86	47.56
21.51	-78.37	58.83

// Takahashi T, 2007: Brain Activations in Changing Gum Hardness
// Takahashi T, 2007: Brain Activations in Consistent Gum Hardness
// Takahashi T, 2007: Changing Gum Hardness - Consistent Gum Hardness
// Subjects=15
52	-8	38
-50	-10	32
50	-10	38
-52	-10	24
64	-26	28
50	10	54
-62	-42	8
0	-8	56
-46	40	0

// Brown S, 2008: Glottal Stops > Fixation
// Brown S, 2008: Phonation > Fixation
// Brown S, 2008: Lips > Fixation
// Brown S, 2008: Tongue Movement > Fixation
// Subjects=16
49.09	-5.48	33.22
64.9	11.33	5.51
58.86	10.28	40.46
-2.51	12.68	58.07
-39.51	-10.25	32.96
-55.64	5.62	42.87
-58.16	10.56	15.53
-60.32	-9.11	11.91
-48.31	-33.32	16.34
26.92	-66.68	-23.1
39.72	-61.29	-35.06
-25.05	-67.69	-31.08
-42.41	-63.91	-35.64
-23.12	-82.52	-52.06
49.08	-3.35	33.01
10.42	14.65	55.42
67.03	11.13	3.26
55.58	3.36	35.6
-2.52	14.81	57.86
-41.72	-6.21	30.36
-53.45	5.83	45.05
-62.57	8.76	7.94
56.21	-8.78	-2.43
55.19	-29.09	-1.53
60.5	-8.97	-4.73
58.24	-.99	-11.08
-43.94	-37.35	18.91
-52.86	-18.63	1.52
-58.07	-31.44	14.08
-66.7	-22.65	16.72
-58.43	-3.53	-8.84
26.54	-73.84	-53.76
29.02	-67.08	-27.58
37.63	-65.13	-30.16
14.04	-74.82	-17.59
-27.19	-65.36	-29.03
-7.55	-72.56	-15.21
-37.94	-71.58	-25.99
-23.13	-80.4	-52.27
-36.17	-61.3	-53.93
24.81	-11.53	-7.23
-18.45	-5.51	-9.33
62.94	-12.31	16.85
63.1	-5.64	30.76
69.23	13.58	6.34
67.37	11.5	30.11
-53.54	-7.97	35.21
-60.07	9.13	34.75
-63.47	-10.62	18.84
-4.79	8.55	48.44
-46.42	6.27	3.43
24.75	-3.23	-10.29
27.06	4.4	2.36
-22.63	-2.26	2.75
-20.57	-2.98	-5.06
26.88	-64.76	-25.53
-22.82	-64.93	-24.67
71.58	-3.56	18.08
63.11	-7.76	30.97
67.05	13.47	5.27
-66.59	-6.51	28.57
-55.9	6.94	22.57
-66.78	-6.8	14.03
-2.54	5.88	54.27
-22.65	2	2.33
-20.62	3.2	-7.91
20.42	-71.16	-24.79
-20.64	-69.18	-24.28

// Subjects=0

// Gerardin E, 2003: Group Analysis for Right Hand Movement
// Gerardin E, 2003: Group Analysis for Left Hand Movement
// Gerardin E, 2003: Group Analysis for Right Foot Movement
// Gerardin E, 2003: Group Analysis for Lip Movement
// Gerardin E, 2003: Group Analysis for Saccadic Eye Movement
// Subjects=7
-36	-18	66
-39	-6	57
0	3	51
0	-3	54
66	-21	30
-54	-24	21
-27	9	0
-30	0	-3
-12	-15	6
18	-45	-18
54	12	0
39	-21	69
39	-6	66
6	6	54
3	0	66
63	-21	27
-51	-39	33
18	-3	21
30	3	3
-24	18	3
33	0	3
30	6	-9
15	-12	6
-15	-45	-18
-54	9	3
-3	-30	66
-3	-15	72
66	-21	30
-54	-24	21
-33	-9	18
-30	0	9
-6	-21	15
12	-57	-6
60	12	18
-51	6	3
60	-6	48
-57	-12	42
63	12	36
-57	6	30
6	6	66
3	-3	66
66	-21	27
-60	-15	36
15	3	15
30	3	0
-30	3	-3
-27	-3	3
27	15	-9
12	-9	9
-12	-12	12
15	-57	-12
-54	12	6
45	0	54
-45	-6	54
54	0	48
-57	9	36
3	0	66
0	6	54
15	6	15
-18	-6	18
24	6	9
12	-57	-12
-12	-39	-3

// Hamdy S, 1999: Increased rCBF During Volitional Swallowing
// Hamdy S, 1999: Decreased rCBF During Volitional Swallowing
// Subjects=8
64	-6	20
-60	-4	24
34	-6	14
8	14	-32
-24	24	-32
44	28	-22
-12	8	46
-2	-36	-40
-18	-64	-22
8	52	22
-38	6	40
50	-14	-10
-60	-22	2
14	-46	72
-16	-44	72
62	-50	6

// Harris M L, 2005: Activations During Volitional Swallowing
// Harris M L, 2005: Deactivations During Volitional Swallowing
// Subjects=8
-48	-22	36
-6	-34	66
-52	-12	28
-54	-6	36
42	58	8
36	-60	26
60	-8	18
-62	-14	16
-8	-42	28
14	-100	-16
6	-86	0
40	-80	30
-20	-70	16
-12	-62	-8
-48	-12	10
-16	-28	4
-22	-74	-22
36	4	28
2	12	-22
60	34	0
-20	40	-8
-60	22	12
46	-46	-18
54	6	-18
-68	-30	-10
-36	-32	18
-2	-44	-16

// Wild B, 2003: Movement - No Movement
// Subjects=10
63	-6	39
-54	-21	39
69	-9	12
-57	0	6

// Dresel C, 2006: Nomals
// Subjects=13
-48	-10	24
-56	-6	18
-16	-60	-24
-10	-18	-2
-16	10	-4
20	-60	-26
62	-6	14
48	-4	24
12	-14	0
26	-10	-2

// Dresel C, 2005: Whistling vs. Voluntary Breathing
// Subjects=15
-52.62	-5.92	22.67
-22.66	-71.44	-13.94
-60.32	-.39	13.29
-43.84	-8.14	32.82
-60.29	-2.31	15.72
-5.81	-43.99	-42.72
-11.87	-17.84	-3.74
-19.64	-17.91	64.76
-60.11	-6.49	28.46
-41.9	-30.52	11.47
-9.33	-103.67	8.07
-62.33	-6.91	24.05
-22.91	-1.04	-18.66
-35.5	-78.21	-5.21
-31.33	-18.01	-4.51
-22.73	-2.98	-5.02
1.47	11.27	31.25
-.36	3.87	55.55
20.5	-65.12	-17.54
58.5	-2.31	9.21
51.09	-1.19	21.56
58.53	-2.1	11.43
27.15	-71.5	-5.82
4.99	-39.59	-42.21
14.16	-34.55	-.29
23.3	-96.47	25.85
26.92	-5.35	-10.12
65.21	-6.05	26.28
35.68	-20.86	-4.25
28.97	-.75	-18.45

// Brown M R G, 2006: Nogo Response > Fixation
// Brown M R G, 2006: Prosaccade Instruction > Fixation
// Brown M R G, 2006: Antisaccade Instruction > Fixation
// Brown M R G, 2006: Nogo Instruction > Fixation
// Brown M R G, 2006: Fixation > Nogo Instruction
// Brown M R G, 2006: Antisaccade Instuction > Nogo Instruction
// Brown M R G, 2006: Prosaccade Instruction > Nogo Instruction
// Subjects=10
36.75	4.52	49.78
-40.21	2.74	47.46
35.33	51.44	23.55
-35.22	49.62	20.06
46.1	3.95	14.03
-51.17	7.51	13.73
4.77	5.1	60.13
2.43	12.89	37.2
42.21	-39.23	47.81
-37.91	-42.8	50.14
24.16	-65.69	51.35
-22.88	-65.08	49.61
61.37	-33.37	39.29
-60.53	-20.61	36.27
5.73	-23.47	34.64
1.69	-58.42	51
28.32	-81.04	31.4
-21.88	-82.22	34.3
-13.7	2.96	20.38
-27.76	39.55	13.01
27.67	68.17	6.63
32.53	-52.12	33.39
-30.55	-52.75	30.82
26.2	-62.22	41
-22.96	-62.6	40.48
29.32	-70.8	26.07
-48.6	-36.35	51.95
4.59	-27.51	23.84
0.64	-68.12	49.59
-27.48	3.99	34.95
-14.95	36.28	10.9
-22.31	23.17	21.01
7.49	33.07	8.69
25.04	-45.65	35.16
-31.54	-50.85	41.82
22.98	-58.01	40.68
-21.87	-59.08	44.63
-29.42	-74.07	30.36
3.52	-23.11	25.71
-3.61	-66.74	53.99
-2.59	-85.91	39.97
31.51	-46.07	42.93
24.08	-62.06	43.24
-15.53	-65.27	32.81
1.38	-24.27	24.72
3.76	-68.95	38.47
33.63	-3.36	58.28
-30.44	-3.32	64.59
-52.12	-25.27	16.49
28.15	3.95	43.23
-28.5	3.44	41.69
-10.03	-69.07	52.02
-4.67	-65.6	55.02

// Fesl G, 2003: Tongue Movement vs. Rest
// Subjects=11
-62	-6	34
66	-6	30
-4	-2	60
6	2	70
-14	-60	-18
14	-60	-18
-8	-32	-32
8	-36	-32

// Rotte M, 2002: Fingers
// Rotte M, 2002: Toes
// Rotte M, 2002: Tongue
// Rotte M, 2002: Eyes
// Rotte M, 2002: Lips
// Rotte M, 2002: Knee
// Subjects=9
-35.76	-13.04	63.23
41.24	-21.83	66.43
-.53	-3.22	63.12
-8.36	-20.07	11.09
-18.07	-5.75	4.43
-18.12	11.34	5.23
20.46	-5.98	11.81
34.69	-44.1	40.49
-47.74	-25.28	29.83
-24.51	-59.91	-21.07
-27.89	-62.79	-44.2
-33.26	-47.76	-42.06
-41.71	-51.18	-30.52
23.58	-55.22	-19.78
27.67	-63.68	-47
10.84	-65.36	-12.09
-1.5	-18.66	70
3.72	-1.25	60.68
-18.02	-6.29	11.16
-5.21	-17.39	4.14
-25.48	-20.43	7.97
30.06	-10.49	7.62
20.48	-1.4	15.89
13.98	-27.56	-5.26
61.27	-27.8	28.79
-55.22	-25.32	29.92
-28.74	-61.63	-15.3
-32.12	-71.19	-42.34
-35.07	-81.75	-13.54
34.27	-58.33	-19.64
21.56	-81.42	-14.22
17.13	-45.75	-20.5
-56.37	-7.52	26.21
66.56	-8.56	29.34
-4.9	6.73	54.53
-20.22	-6.99	2.33
26.81	-10.94	2.12
47.39	-24.45	32.01
-46.57	-39.56	37.7
-14.82	-68.94	-14.84
-36.27	-84.19	-31.16
27.9	-61.29	-15.98
47.21	-81.26	-14.52
46.98	-77.06	-42.75
-43.38	-6.79	48.3
41.1	-6.74	55.13
-.54	-0.05	62.85
-8.48	1.71	3.69
-18.09	-11.46	-.67
-18.03	-28.38	0.75
20.45	-16.01	5.96
34.27	-1.29	2.34
-47.91	-30.33	5.72
-24.19	-40.11	28.57
-27.67	-61.62	-15.31
-33.01	-61.65	-15.25
-41.76	-63.76	-41.73
23.68	-68.46	-11.98
27.92	-72.03	-17.31
10.56	-47.41	-41.48
-55.14	-11.35	45.47
58.09	-7.75	40.52
4.82	2.35	65.94
-21.33	0.32	0.61
-5.18	-20.3	7.73
-25.5	-26.14	2.88
29.01	-10.33	9.85
31.04	-1.57	-.95
20.35	-8.23	-3.61
64.48	-27.78	28.75
-46.6	-41.05	32.25
-14.82	-63.49	-13.07
-25.55	-59.58	-16.62
-32.13	-68.02	-42.6
23.62	-65.8	-18.89
7.71	-84.41	-10.46
34.14	-69.56	-41
1.7	-24.27	65.98
-1.65	-3.83	55.38
-1.95	-17.83	11.95
-14.91	-6.24	-2.26
-25.5	-20.68	4.65
23.6	-14.3	0.21
17.19	-3.34	4.94
20.49	-26.5	7.96
44.17	-27.9	28.99
-44.48	-39	30.94
-32.19	-60.87	-46.55
-28.9	-40.28	-28.24
-28.77	-58.71	-18.89
-7.53	-41.29	-29.51
34.16	-43.07	-28.73
27.67	-63.68	-47
31.11	-58.98	-13.98

// Subjects=0

// Subjects=0

// Hanakawa T, 2008: Finger Tapping, Movement
// Subjects=13
18	-52	-32
6	-64	-32
-48	-30	46
-36	-26	56
-36	-8	62
-2	2	50
-28	-62	-42
66	-22	12
-26	-10	-2
-28	8	-6
32	-68	56
52	8	-4
-10	-24	-6

// Subjects=0

// Meister I, 2007: Video, Perception > Rest
// Subjects=14
30	8	62
44	8	32
46	12	22
34	26	-4
52	40	15
44	58	10
-28	-4	56
-38	18	30
-50	6	20
-60	20	16
-50	40	-16
-4	16	52
26	-58	50
32	-68	40
-30	-46	40
-26	-60	44
40	-44	-20
10	-98	16
44	-72	10
-50	-58	-14
10	-90	0
-12	-74	-50
12	-78	-50
26	-30	0
-16	-24	16

// Subjects=0

// Subjects=0

// Lowell S Y, 2008: Overt Swallowing vs. Rest
// Subjects=14
62.2	-3.98	20.09
62.2	4.82	23.81
47.07	5.13	1.65
59.94	5.72	8.15
62.25	-16.67	21.15
15	-19.35	-9.31
15.08	-16.3	2.7
16.09	-.43	1.36
32.08	-9.48	-6.99
-10.59	-17.76	-.23
-20.27	-5.3	-3.39
-23.52	-.29	-7.12
-57.35	-5.45	39.43
-53.11	-8.05	32.9
-53.29	-5.53	10.39
10.64	-53.16	-33.19
8.54	-55.03	-29.66
-13.83	-57.73	-21.37
2.58	0.17	51.65
-4.93	0.93	48.33
-1.83	11.89	38.45
6.76	9.11	43.04
-23.47	-48.1	-19.84
15.03	-1.41	2.57
25.94	-84.68	-1.73
40.72	-49.15	-11.57
-31.98	11.51	8.72
-25.29	-95.39	1.99
10.62	-66.53	-40.99
2.41	-65.27	3.61
55.86	-36.26	16.17
15.51	-.84	64.97
44.92	-56.5	-24.38
-3.09	-34.01	-4.53

// Martin R E, 2001: Activations During Naive Saliva Swallowing
// Martin R E, 2001: Activations During Voluntary Saliva Swallowing
// Martin R E, 2001: Activations During Water Bolus Swallowing
// Subjects=14
-51.05	15.4	33.14
-51.12	10.23	21.31
-52.25	9.62	13.57
50.48	12.83	32.19
40.7	5.61	8.38
40.65	5.09	1.73
54.78	4.32	31.74
57.89	9.91	21.2
-57.51	12.65	25.64
59.96	9.24	12.31
-56.51	9.68	14.73
2.54	3.09	48.06
-50.04	10.4	23.51
-56.51	11.88	15.66
57.88	5.42	18.23
57.81	9.14	11.23
59.97	23.67	20.02
63.15	10.23	11.08
42.83	6.59	7.15
43.86	6.17	1.6
5.74	-2.44	45.14

// Subjects=0

// Furlong P L, 2004: Hold Water vs. Rest
// Furlong P L, 2004: Tongue Press vs. Rest
// Furlong P L, 2004: Swallow vs. Rest
// Subjects=8
-55.2	-2	31
-52.2	1	34
-52.2	4	37
-34.1	-23.1	64
53.2	-20.1	43
-64.3	-2	20
35.1	-17.1	64
47.2	-25.1	66
38.1	-56.2	37
-7	-35.1	64
38.1	-56.2	36
39.2	-56.2	36

// Subjects=0

// Martin R, 2007: Saliva Swallow vs. Rest
// Martin R, 2007: Water Swallow vs. Rest
// Martin R, 2007: Shifted Water Swallow vs. Rest
// Subjects=8
-54.23	-5.31	27.11
-56.26	-3.07	42.56
-54.33	-6.25	14.92
-62.87	-9.56	14.18
60.28	-9.43	46.21
65.46	6.49	31.44
7.9	6.55	51.05
8.04	-.8	66.16
-7.14	10	42.01
7.79	20.75	42.06
-41.32	25.37	51.15
43.13	16.28	49.83
50.88	-41.24	62.37
-61.45	-27.88	52.51
-42.68	2.56	4.01
-21.37	9.75	-1.29
-9.5	-17.59	1.98
5.48	-22.78	2.24
9.18	-74.75	45.59
7.84	-61.04	16.57
-21.97	-88.62	20.34
-33.78	-81.64	15.43
46.32	-81.58	8.93
44.48	-56.59	57.04
-27.07	-48.85	67.25
-3.58	-22.56	74.81
-2.54	-25.01	70.55
66.73	-48.57	34.93
9.98	-78.63	9.1
-18.96	-72	1.07
-25.45	-61.89	-5.28
-14.77	-54.17	-2.7
23.65	-47.85	-7.02
-54.23	-8.57	26.27
-40.08	-.29	63.33
-59.67	-5.23	14.9
53.87	-.66	50.01
-24.11	23.33	64.51
34.62	23.25	58.27
-3.81	3.65	55.89
12.24	5.06	58.93
-7.09	5.06	46.89
12.05	14.09	38.11
-41	-50.42	61.97
56.14	-62.92	42.94
62.55	-48.71	47.25
-12.71	-16.55	1.93
15.11	-4.95	11.79
45.91	15.18	-5.87
-5.74	-70.01	53.17
-31.39	-70.17	53.48
11.03	-69.99	10.6
7.1	-30.24	70.87
25.09	-89.06	24.3
-12.59	-60.33	0.02
16.32	-65.02	5.66
-20.18	-48.29	-8.71
-45.46	-4	57.01
-57.37	-5.7	36.1
-56.39	-8.84	22.97
-62.79	-18.57	21.63
59.12	-7.03	35.99
60.14	7.78	34.74
64.31	-2.03	17.67
-16.52	6.97	72.49
-41.54	42.86	29.62
28.25	24.7	63.79
48.46	18.42	49.59
-.43	-9.85	73.71
-7.05	-2.17	49.73
4.96	-20.39	74.53
-9.28	3.39	39.25
25.04	-29.19	41.59
4.48	26.31	31.59
-45.35	-33.61	59.49
49.79	-41.5	59.06
30.96	-2.34	-10.92
44.9	5.92	-1.73
28.29	-89.04	24.26
10.05	-81.2	17.12
9.12	-74.21	38.85
-1.77	-76.41	11.28
-7.03	-95.39	14.05
-1.46	-73.24	52.28
4.99	-29.91	75.33
26.16	-87.91	25.31
14.14	-56.74	2.76
-9.32	-76.09	2.42
-13.69	-57.34	-2.45

// Subjects=0

// Subjects=0

// Paine P A, 2008: Saline Infusion - Rest
// Paine P A, 2008: Hydrochloric Acid Infusion - Rest
// Subjects=7
-56.45	-9.44	15.22
63.13	-2.09	3.19
63.17	-5.01	6.78
63.22	3.25	17.24
51.65	-15.79	33.47
-53.24	-18.14	12.56
47.37	-7.1	36.13
47	8.85	-5.35
-48.9	3.44	29.66
59.07	-16.35	25.62
-29.89	1.24	-.48
47.38	5.13	42.91
58.95	-13.23	10.86
51.77	-17.85	48.13
59	-3.92	21.23
-53.18	-4.33	25.9
-33.03	-5.84	4.61
39.74	-13.09	14.42
55.85	-3.34	29.03
55.8	-20.4	14.85
51.71	-15.2	41.22
59.01	-12.63	18.62
63.27	-3.89	21.18
63.29	-.46	24.24
59.03	4.08	28.37
59.07	-16.35	25.62

// Spence S A, 1997: Healthy Controls
// Subjects=6
-37.5	43.35	32.1
-54.77	8.42	26.89
27.63	6.53	48.08
-34.81	-35.81	57.82
-19.63	-63.83	55.85
45	-43.16	43.74
5.45	-65.71	-11.62
-28.33	-33.66	57.5

// Langheim F J, 2002: Bilateral Finger Tapping > Rest
// Subjects=6
-16	-60	-20
20	-52	-24
40	-14	56
50	-22	56
28	-2	0

// Thaut M H, 2008: Polyrhythmic vs. No Movement
// Thaut M H, 2008: Isorhythmic vs. No Movement
// Subjects=12
-32	-26	68
-48	-30	62
-30	-20	66
-48	-28	52
-58	-18	50
-56	-12	40
-42	-10	48
-52	8	44
-8	-8	68
2	-6	70
-6	2	68
2	2	68
-8	-4	56
-50	-22	16
-56	-26	24
-56	-16	22
-24	-8	-2
-36	4	0
-52	10	-4
-32	-30	10
16	-24	8
-6	-24	0
16	-48	-22
28	-62	-24
16	-50	-18
30	-62	-24
-28	-28	62
-44	-24	52
-40	-20	62
-34	-12	-6
-28	-4	6
-32	-26	10
-52	-22	16
-16	-28	0
4	-66	-16

// Mostofsky S H, 2009: Healthy Controls
// Subjects=13
-39.25	-22.52	50.98
18.27	-54.7	-20.78
-18.13	-26.08	11.75
-9.22	16.42	41.01
22.36	-68.46	-41.9
-22.86	-60.89	-27.31
-.81	-99.04	-.38
55.66	-13.55	38.39
-20.39	-86.97	-7.96
51.53	-11.05	53.9
-16.26	-54.51	-16.85
-4.89	14.31	41.15
-34.81	-1.91	64.55
-41.46	-29.43	46.1
26.99	-62.86	-16.75
14.22	-11.08	9.71
-62.09	-17.16	40.75

// Elsinger C L, 2003: Healthy Controls
// Subjects=13
-43.29	-17.91	55.92
-51.1	-30.18	7.97
62.11	-21.39	1.47
17.11	-48.12	-23.65
-28.63	-36.31	9.34
-39.01	-21.14	55.03
-51.04	-30.73	14.71
6.93	-54.01	-16.35
-.54	-7.71	60.15
-27.55	-32.96	11.28

// Eckert T, 2006: Healthy Controls
// Subjects=9
-40	-25	60
-4	-20	56
32	-24	68
-60	-20	40
-60	4	20
-56	-4	44
20	-52	-44

// Yu H, 2007: Healthy Controls
// Subjects=8
-42.25	-11.64	54.27
-53.04	-22.68	36.36
-6.01	11.75	50.78
-4.83	-3.5	59.85
-1.76	2.72	43.68
-44.46	5.18	51.77
47.37	12.7	44.51
-50.88	-.49	47.86
-49.03	11.93	15.57
53.58	12.8	17.66
-50.82	-39.42	39.97
63.42	-30.96	29.03
-53.22	-31.08	10.3
60.02	-22.03	7.13
-39.39	-11.96	8.54
42.9	-16.84	6.89
-12.65	-17.01	9.77
14.05	-13.67	9.18
-26.64	-2.71	3.16
26.79	3.15	5.4
-14.78	2.87	19.28
18.33	3.96	16.58
-23.43	-7.1	1.26
15.08	-67.88	-17.51
-15.96	-65.32	-22.94
-45.46	-16.06	52.45
-3.88	10.62	49.73
8.96	12.01	52.81
-3.76	-3.5	59.84
6.94	-2.2	61.83
-2.86	7.91	42.14
7.8	11.06	40.64
53.81	8.59	45.89
-47.69	-1.7	45.69
54.89	1.03	44.28
40.73	49.79	29.21
-50.1	9.72	14.65
54.6	5.69	8.21
-54.05	-40.75	36.77
61.31	-32.83	32.55
-55.33	-34.18	11.7
62.21	-32.42	10.2
-42.69	7.94	4.68
43.83	16.91	2.93
-11.59	-19.29	7.72
-25.56	-3.68	4.34
-21.29	-3.74	3.18
24.6	-56.79	-26.35
-20.23	-69.66	-23.64
1.19	-60.3	-14.64

// Subjects=0

// Ehrsson H H, 2000: Precision Grip - Matching Rest
// Ehrsson H H, 2000: Power Grip - Matching Rest
// Ehrsson H H, 2000: Power Grip - Precision Grip
// Ehrsson H H, 2000: Precision Grip - Power Grip
// Subjects=5
0	0	52
-40	-16	44
-36	-12	60
-8	-8	60
-60	0	16
-48	-36	20
-12	-8	12
-60	-24	44
-44	56	8
-60	-44	44
52	-44	48
48	-52	52
56	8	32
44	32	24
56	4	8
60	-36	20
64	-32	36
40	-40	36
48	4	28
52	-4	44
48	44	-4
36	-4	40
32	20	0
36	8	48
40	0	52
36	-64	44
28	-68	60
-40	-20	48
-28	-24	68
0	0	48
-56	-20	16
-8	-8	60
-12	-12	8
-8	-20	40
-64	4	24
56	-4	36
60	-28	36
56	-40	20
-40	-20	52
-28	-24	68
-52	-20	20
-44	48	4
-64	-40	24
44	40	0
56	12	32
44	-56	48
52	-44	48
48	36	16
4	8	40
64	-36	32

// Kertzman C, 1997: Left Hand Reach > Fixation
// Kertzman C, 1997: Right Hand Reach > Fixation
// Kertzman C, 1997: Left Visual Field Reach > Fixation
// Kertzman C, 1997: Right Visual Field Reach > Fixation
// Subjects=6
40.75	-18.53	54.82
27.77	-14.32	54.63
-24.02	-.91	63.15
25.71	-9.24	63.13
36.37	-1.53	53.22
-4.74	11.09	52.67
12.59	15.82	56.39
-9.14	-13.57	41.74
32.22	-33.04	60.89
19.34	-54.35	63.21
6.13	-80.29	39.11
20.53	4.07	-.86
16.43	-22.77	10.83
-28.32	-22.61	60.89
-24.01	-5.17	63.57
-45.88	3.73	45.13
29.86	4.83	52.7
-2.58	11.1	52.63
-2.44	5.55	62.14
-11.31	-9.32	41.35
-17.38	-56.61	64.06
32.22	-33.04	60.89
19.34	-54.35	63.21
-37.47	4.23	27.01
37.87	-8.63	0.11
22.65	-.59	-4.91
-9.67	-24.11	-2.04
-21.86	-3.03	63.32
-6.75	3.4	62.43
-4.74	11.09	52.67
-9.16	-7.19	41.1
-9.52	-62.39	1.75
-22.71	10.3	-.74
22.65	-.59	-4.91
18.6	-24.89	11.01
-32.64	-22.63	60.96
-30.46	-13.7	64.52
53.54	-2.3	44.03
-24.01	-5.17	63.57
-43.72	3.74	45.09
25.7	-7.12	62.91
36.29	2.31	48.35
-4.74	11.09	52.67
14.76	13.7	56.56
3.69	-36.46	25.85
45.07	-16.39	54.54
-17.38	-58.74	64.27
-21.73	-34.94	66.48
32.22	-33.04	60.89
21.5	-54.34	63.18
-34.78	-42.2	58.45
-9.51	-95.13	-3.98
22.78	-17.19	1.21

// Lotze M, 2000: Right Foot vs. Rest (n=5)
// Lotze M, 2000: Right Elbow vs. Rest (n=5)
// Lotze M, 2000: Right Fist vs. Rest (n=10)
// Lotze M, 2000: Left Fist vs. Rest (n=10)
// Lotze M, 2000: Right Thumb vs. Rest (n=5)
// Lotze M, 2000: Right Finger Opposition with Complexity vs. Rest (n=9)
// Lotze M, 2000: Lips vs. Rest (n=10)
// Lotze M, 2000: Right Finger Opposition with Simple Complexity vs. Rest 
// (n=5)
// Lotze M, 2000: Right Finger Opposition with Complex Complexity vs. Rest 
// (n=5)
// Lotze M, 2000: Right Finger Opposition with Highly Complex Complexity vs. 
// Rest (n=5)
// Subjects=30
-8	-38	76
-28	-24	64
-26	-34	64
24	-20	60
-32	-24	58
-40	-16	56
-58	-14	40
52	-8	36
-42	-10	58
-34	-18	-52
-34	-16	50

// Subjects=0

// Subjects=0

// Taniwaki T, 2003: Self Initiated Movement vs. Rest, Categorical on-off 
// Responses
// Taniwaki T, 2003: Self Initiated Movement vs. Rest, First Order Term Linear 
// Effect
// Taniwaki T, 2003: Externally Triggered Movement vs. Rest, Categorical 
// on-off Responses
// Taniwaki T, 2003: Externally Triggered Movement vs. Rest, First Order Term 
// Linear Effect
// Subjects=10
26	-2	-12
12	-16	6
-6	2	50
38	-14	62
56	6	36
28	-12	0
14	-18	4
6	-14	44
38	-40	64
34	-8	62
28	-4	-10
12	-20	4
-4	-2	48
42	-16	56
54	4	36
44	-20	56
40	-6	56

// van Duinen H, 2008: Right Index Finger Abduction > Rest
// van Duinen H, 2008: Left Index Finger Abduction > Rest
// van Duinen H, 2008: Activity Correlating with "Activation Per Se", Right 
// Contractions
// van Duinen H, 2008: Activity Correlating with "Activation Per Se", Left 
// Contractions
// Subjects=10
-34	-40	56
-40	-28	52
-24	-26	56
-60	2	34
-20	-20	76
22	-10	68
66	-16	32
40	2	16
-10	-10	54
14	-12	48
-12	-26	44
56	12	14
-42	-36	24
52	-36	26
-54	-30	22
66	-34	22
-40	-2	12
40	2	10
34	28	8
30	4	12
-14	10	22
-14	-22	6
-22	0	-10
12	-56	-12
-34	-58	-28
22	-52	-24
-18	-72	-50
18	-66	-44
-44	-60	-30
40	-56	-32
-34	-46	56
-38	-12	66
-26	-30	48
-46	-12	60
-42	-12	44
-48	-8	48
-20	-18	70
54	-16	54
38	-24	64
32	-26	50
40	-12	62
18	-22	74
42	-22	48
-44	-2	2
-6	-6	54
8	-4	50
12	-14	76
-12	-26	44
12	0	44
56	12	20
58	10	32
-50	-42	24
-52	-26	20
54	-22	18
-64	-20	28
56	-20	20
-30	-54	56
38	-48	64
-48	-40	14
66	-30	18
44	2	10
-16	-2	6
26	-2	2
-24	6	0
32	-8	4
-12	2	16
18	0	24
26	0	10
-40	-18	-18
-28	-42	2
12	-34	16
-22	-48	10
-4	-62	-16
-20	-52	-26
30	-54	-26
-20	-64	-50
-40	-38	66
62	-16	30
-38	-30	54
-38	-30	68
-46	-14	60
-36	-16	56
-48	4	8
-14	-8	50
14	0	62
58	10	28
52	12	4
36	30	8
-60	-24	34
58	-40	34
62	-24	46
64	-28	38
-38	-40	42
38	-44	46
-44	-76	-6
-52	-74	-2
36	22	-2
-38	0	4
42	6	0
-26	4	0
-30	-8	0
26	8	0
26	-6	4
16	-52	-26
18	-66	-50
42	-22	46
66	-14	28
34	-26	52
38	-24	58
36	-22	60
-62	6	20
-56	4	32
-56	2	40
4	-8	52
62	12	24
-60	-24	32
-36	-56	62
-34	-54	54
36	-46	50
42	-70	-6
-32	-92	-8
44	-78	-6
-40	-86	0
40	-64	2
-40	0	10
40	2	12
-26	-6	10
32	-4	2
-18	-52	-24
-26	-66	-50

// Grabski K, 2011: Tongue - Rest
// Grabski K, 2011: Vowel Vocalization - Rest
// Grabski K, 2011: Jaw - Rest
// Grabski K, 2011: Lips - Rest
// Subjects=13
-20	-28	58
56	-4	30
-52	-8	32
0	-6	58
-62	0	26
-58	8	30
58	8	28
-38	-44	54
-62	-6	18
-20	-52	64
14	-64	56
36	16	8
-26	-2	-4
24	8	6
18	-8	-4
18	4	20
16	-20	-2
-16	-62	-20
18	-60	-20
10	-58	-14
-60	-4	18
52	-6	32
-52	-8	32
44	-8	30
-4	-4	62
8	-4	60
-60	-4	36
54	-6	38
-42	-24	8
50	-16	6
52	-20	0
58	-26	24
-58	-6	10
60	-4	6
46	8	2
10	14	34
26	-2	-8
-26	-8	-6
24	-4	-2
22	-10	-4
32	-8	12
-14	-20	0
14	-18	4
-12	-64	-16
20	-60	-20
18	-62	10
-48	-12	34
54	-6	32
-52	-8	32
60	-10	34
-18	-4	68
2	-6	58
-44	-12	60
54	-6	38
58	8	28
-40	-26	12
-62	-30	34
64	-26	22
-46	-28	20
52	-28	20
-62	-6	18
-38	-12	18
-6	8	38
26	6	-6
16	-20	-2
-16	-62	-18
20	-60	-20
-48	-12	36
-54	-16	42
-22	-2	66
-10	-2	70
2	-6	58
-44	-12	60
54	-6	40
-58	8	30
58	8	30
-48	-26	38
-48	-28	20
60	-16	22
-20	-52	64
-38	-14	20
-6	8	38
-26	-2	-4
-24	0	-4
-14	-20	2
-16	-62	-18
18	-58	-20

// Ogura E, 2012: Lip-Pursing/Lip-Stretching - Rest
// Ogura E, 2012: Tongue Protrusion - Rest
// Ogura E, 2012: Lateral Tongue - Rest
// Ogura E, 2012: Oral Ball-Rolling - Rest
// Subjects=8
11	-58	-15
22	-58	-21
-18	-58	-24
43	-11	36
54	-14	45
58	-14	36
29	-11	-3
54	-7	30
65	-4	15
-50	-11	30
-58	-7	27
14	-61	-15
47	-14	36
54	-11	33
54	-11	48
-54	-14	36
-61	-14	30
-43	-14	36
14	-61	-18
-11	-54	-21
-11	-65	-18
25	0	-3
29	-14	6
-4	0	54
-4	-4	63
14	-61	-18
-58	-11	24
-61	-22	21
-58	-18	42
-14	-58	-18
-29	-54	-24
50	-14	39
54	-7	27
43	-7	57
14	-18	0
4	0	60
-4	-7	54
-14	-22	3
-25	-7	0
-29	-14	-3

// Paulesu E, 2003: Nonlexical Lip-Reading > Baseline
// Paulesu E, 2003: Conjunction Analysis, (Nonlexical Lip-Reading + Lexical 
// Lip-Reading) > Baseline
// Subjects=8
0	14	64
-38	40	4
-34	32	-8
-42	10	28
-48	14	24
-38	8	32
-34	24	-12
-28	18	-12
-32	20	-12
-22	14	-12
-50	4	-8
-50	8	-4
-58	-16	4
-56	-14	0
-50	-4	-8
-58	-36	4
-44	-6	-16
-40	-2	-36
-52	-70	0
0	14	64
30	40	-12
60	-28	4
58	-34	4
62	-24	0
60	-6	-4
44	2	-16
52	-70	0
-42	10	28
-48	14	24
-38	8	32
-34	26	-8
-28	18	-12
-50	8	-4
-58	-38	8
-58	-18	0
-56	-4	4
-64	-28	4
54	-36	4

// Kawashima R, 1996: Arm minus Rest
// Kawashima R, 1996: Finger minus Rest
// Subjects=8
-17.52	-24.22	68.42
-30.38	-16.98	66.85
-28.26	-8.33	68.33
-13.33	-1.98	66.51
-58.6	10.18	21.4
-3.67	-12.5	67.28
-22.06	33.4	56.95
-31.5	-37.3	51.84
-62.6	-32	40.6
-5.19	-22.68	4.58
5.42	61.21	28.65
-41.18	-5.04	57.05
-41.15	-15.7	56.83
-44.44	7.55	54.92
-58.6	10.18	21.4
-3.67	-12.5	67.28
-22.12	39.4	51.99
-25.51	42.96	29.42
-43.32	-18.25	51.49
-31.5	-37.3	51.84
-34.6	-38.41	65.35
-56.11	-61.91	38.57
-9.25	9.19	45.45
5.42	61.21	28.65
4.76	12.67	61.73

// Aziz-Zadeh L, 2006: Observation > Rest
// Aziz-Zadeh L, 2006: Observe Foot > Rest
// Aziz-Zadeh L, 2006: Observe Hand > Rest
// Aziz-Zadeh L, 2006: Observe Mouth > Rest
// Subjects=12
6	-92	-2
-42	-58	-16
44	-52	-18
-34	-44	46
28	-56	48
-54	-32	30
52	0	48
54	4	28
-52	4	30
6	-92	-4
-54	-32	30
-40	6	28
50	12	26
26	-90	16
-30	-6	46
54	2	38
-58	0	28
26	-84	18
-20	-30	-4
60	2	42
-54	4	26
-34	0	-34
-32	-56	-58

// Strother L, 2012: Finger vs. Rest
// Strother L, 2012: Wrist vs. Rest
// Strother L, 2012: Elbow vs. Rest
// Subjects=13
-48.6	-28.6	55.76
-41.15	-14.64	56.74
-39.96	-25.41	68.78
-45.43	-32.27	49.34
-50.74	-26.5	55.61
-40.09	-20.18	53.84
-35.79	-16.64	57.96
-34.69	-19.54	61.54
-47.59	-18.28	51.54
-42.23	-15.79	55.73
-39.98	-26.72	65.54
-50.78	-15.92	54.73
-42.22	-23.45	53.03
-37.92	-26.42	55.46
-35.74	-38.04	56.41
-38.97	-24.06	58.62
-33.57	-27.83	64.45
-38.96	-37.09	55.25
-47.49	-38.11	56.55
-29.38	-26.46	54.25
-32.56	-18.47	61.42
-29.34	-28.23	58.86
-34.67	-38.03	56.4
-39.03	-27.91	50.02
-36.79	-34.62	59.48
-44.34	-32	52.66
-37.93	-31.97	52.58
-35.75	-34.87	56.14
-29.27	-40.75	62.14
-32.55	-27.19	58.81
-29.28	-38.63	61.96
-25.08	-33.83	54.82
-28.3	-32.97	52.55
-26.13	-24.87	60.77
-25.1	-19.74	58.1
-22.92	-22.65	61.66
-30.37	-37.75	59.67
-29.34	-28.23	58.86
-31.48	-34.84	56.09
-34.69	-31.69	55.86
-25.11	-28.72	52.16
-28.25	-32.45	59.2

// Luft A R, 2002: Extension/flexion of right knee vs rest
// Luft A R, 2002: Extension/flexion of left knee vs rest
// Luft A R, 2002: Flexion/extension of right elbow vs rest
// Luft A R, 2002: Flexion/extension of left elbow vs rest
// Luft A R, 2002: Sequential thumb-finger opposition of right hand vs rest
// Luft A R, 2002: Sequential thumb-finger opposition of left hand vs rest
// Luft A R, 2002: Passive extension/flexion of right knee vs rest
// Luft A R, 2002: Passive extension/flexion of left knee vs rest
// Subjects=11
-8.87	-26.39	80.77
-.34	-15.6	82
-2.58	-16.64	68.73
-42.1	-21.1	69.56
-11.1	7.77	82.39
-15.46	-28.32	56.48
-4.83	-24.37	51.56
-6.9	9.23	73.3
14.39	-13.51	52.66
10.34	-15.53	81.87
5.94	-12.53	66.06
12.45	-17.98	77.59
44.26	-18.24	43.79
10.25	-1.07	76.2
12.47	-13.41	81.67
1.69	-14.5	68.5
-41.2	3.59	58.56
-23.77	-39	84.23
-38.94	-28.11	61.19
-17.51	-7.58	77.06
-28.39	-.9	54.32
-32.59	-11.16	59.69
-26.07	-12.21	73.09
-32.5	-30.02	63.5
20.95	-16.33	70.66
21.04	-19.7	82.1
20.9	5.17	73.32
40.21	-13.75	74.69
46.68	-43.84	70.45
38.06	-35.77	65.41
27.38	-9.43	76.7
25.02	-22.76	42.16
-36.82	0.25	69.94
-25.95	-35.13	79.47
-45.39	-21.98	58.52
-36.87	-4.67	61.43
-47.6	-2.96	56.95
-47.42	-27.48	70.15
-41.03	-14.41	73.45
-21.8	1.02	78.62
-36.89	-9.24	57.35
40.06	-24.1	51.02
57.19	-14.85	58.97
37.97	-1.59	67
63.51	-13.55	47.64
46.63	-22.35	73.1
35.98	-17.67	79.53
40.18	-7.41	74.16
31.64	-5.17	76.3
-38.95	-15.08	64.56
-4.56	-32.54	83.47
1.61	4.54	66.91
-4.55	-23.74	87.19
10.33	-22.22	77.97
16.69	-7.38	76.65
3.91	-13.63	79.56
8.2	-13.43	81.72
12.5	-13.06	86.1
16.52	-9.09	54.5

// Shah C, 2011: Creative writing
// Shah C, 2011: Reading
// Shah C, 2011: Copying
// Subjects=28
-36	-18	57
63	-12	27
-27	-15	60
27	-3	51
-3	0	66
9	9	54
-9	12	42
51	6	33
-57	3	39
33	45	36
63	12	12
-54	12	3
-36	-24	54
42	-33	45
21	-60	60
-24	-54	57
-57	-42	12
48	-60	-12
-45	-72	-3
33	-87	3
-39	-81	3
27	-90	0
-21	-93	-3
15	-60	-42
18	-51	-18
6	-63	-33
-30	-57	-24
-12	-18	12
-33	-24	60
51	3	36
-24	-15	60
27	-3	51
-3	3	63
6	9	51
6	15	42
-6	-12	42
30	39	30
-36	42	30
54	18	-3
-54	15	3
30	24	6
-30	24	6
9	27	27
-6	18	30
-36	-27	54
60	-15	27
-21	-54	54
24	-57	51
-45	-42	21
-51	-42	12
54	-24	3
-45	-69	-3
45	-63	-3
33	-87	3
-36	-81	-9
18	-93	3
-18	-93	-3
0	-60	-18
18	-51	-18
-18	-66	-39
-12	-18	9
12	-18	9
-21	-3	9
-33	-24	60
57	-21	42
-6	6	51
9	6	54
9	15	42
-3	-3	48
-27	-12	57
27	-3	54
-54	0	42
54	6	36
30	39	30
-36	42	33
57	15	0
-6	18	30
-27	27	6
-39	-27	54
63	-15	27
-21	-57	57
21	-57	54
-45	-30	24
-42	0	15
39	-84	3
51	-57	-6
-48	-69	-3
-18	-93	-3
36	-84	-3
21	-51	-18
3	-57	-18
-33	-54	-24
-15	-21	9
-18	-3	9

// Kasahara M, 2010: Healthy Controls
// Subjects=9
-40	-14	64
-46	-12	50
-38	-16	50
20	-54	-30
2	-60	-14
2	-62	-30
-2	-14	52
0	-6	62
8	-12	62
-10	-20	2
-40	-54	36
-28	-4	-8

// Wiese H, 2006: Healthy Controls
// Subjects=18
-41.3	-10.75	62.17
-34.85	-2.22	61.22
58.39	11.1	3.41
-24.21	-7.79	47.02
34.23	-.26	55.37
-11.02	7.1	67.74
1.59	14.33	41.03
12.69	8.89	62.67
-4.86	12.39	43.58
7.76	35.02	20.95
-58.09	-21.76	14.24
-52.2	-18.11	53
63.02	-28.15	19.54
69.66	-18.17	34.12
-60.07	-21.48	28.82
-48.47	-.56	10.86
56.62	-34.14	24.72
-39.97	-9.32	-2.98
42.19	2.33	2.31
-13.85	-22.02	9.03

// Bodegard A, 2003: Difference In Pressure > Rest
// Bodegard A, 2003: Differences In Spring Strength > Rest
// Bodegard A, 2003: Differences In Kinesthesia > Rest
// Subjects=8
45.39	-17.55	52.64
45.3	-12.95	43.34
48.61	-33.9	47.29
50.75	-25.09	50.98
47.52	-29.68	46.94
49.58	-12.92	43.28
-60.47	-36.47	37.6
33.64	-15.42	53.71
38.99	-18.56	53.92
37.85	-17.14	44.89
43.26	-25.22	49.96
46.52	-27.95	55.73
45.4	-31.72	48.26
10.68	-63.73	-32.3
37.31	-55.71	-41.09
-55.13	-35.38	37.45
-36.83	-49.22	49.55
-47.92	20.11	24.91
-57.51	-34.62	6.19
-16.02	-56.06	-27.06
41.12	-19.78	51.76
41.11	-17.66	51.59
38.91	-16.16	43.68
44.31	-24.24	48.76
47.58	-26.88	55.63
46.47	-30.66	48.15
6.83	7.6	50.98
50.46	-29.15	12.29
10.8	-20.81	-.22
10.67	-64.96	-34.43
-37.92	-45.08	48.1
-57.36	-30.88	27.06
-52.23	17.54	19.6
-14.96	-58.34	-29.11

// van Beilen M, 2011: Feigners > Healthy Controls, Affected Execution
// van Beilen M, 2011: Feigners < Healthy Controls, Affected Execution
// van Beilen M, 2011: Feigners > Healthy Controls, Affected Execution
// van Beilen M, 2011: Feigners < Healthy Controls, Unaffected Execution
// van Beilen M, 2011: Feigners > Healthy Controls, Unaffected Execution
// Subjects=13
-56	-42	38
54	42	46
-28	-36	71
10	-58	2
-16	-13	-12
22	-32	-24
-8	10	60
40	10	46
-48	14	10
-6	18	40
-34	46	24
-54	12	30
-56	-26	28
-22	-70	50
-8	4	10
32	38	28
54	8	0
60	-40	36
6	-70	40
-8	-62	-48
16	-60	42
46	-8	50
0	8	62
6	14	32
-8	16	42
52	-42	50
-44	18	4
44	2	-4
-36	50	12

// Dionne J K, 2010: Motor Response-Related Activity > Rest
// Subjects=10
57	-4.67	39.16
51.25	39.34	3.2
49.49	13.6	42.18
50.41	24.21	27.89
38.55	52.69	25.64
11.2	10.85	65.15
-40.6	56.9	18.39
-8.14	10.77	52
-42.2	-19.93	57.19
-53.1	-18.88	30.47
-57.45	13.25	33.4
-38.42	4.62	2.68

// Subjects=0

// Shafritz K M, 2015: Healthy Controls
// Subjects=15
32	38	24
8	18	42
32	24	6
-38	10	8
40	6	34

// Zarate J M, 2008: Ignore > Simple Singing, Conjunction
// Zarate J M, 2008: Compensate > Simple Singing, Conjunction
// Subjects=12
-48	-50	54
-62	-44	26
40	-4	54
36	20	-2
52	-46	50
-46	-3	54
-54	-44	54
-60	-40	50
8	6	48
46	-50	62

// Subjects=0

// Lotze M, 2006: Main effect of isolated hand movement
// Lotze M, 2006: Main effect of body referred movement
// Lotze M, 2006: Main effect of expressive gestures
// Subjects=20
51	-63	0
-45	-72	0
39	-51	-21
-42	-48	-21
30	-78	-18
-30	-60	-21
48	12	30
-51	9	24
48	15	24
-48	12	24
42	0	48
36	-57	54
-21	-66	45
36	-45	54
-60	-30	42
-60	-30	33
51	-66	-3
-42	-75	3
39	-48	-24
-42	-48	-21
42	3	39
36	-48	-24
-39	-66	-21
-51	0	48
51	18	24
-45	9	27
51	18	24
-45	12	24
36	-51	57
-33	-45	60
-45	-33	45
36	-48	54
-45	-33	42
12	-27	-9
54	27	-9
51	-69	-3
45	-72	-9
-45	-78	-6
42	-66	-24
-39	-60	-30
-54	-51	6
42	-51	-21
-39	-48	-24
54	-42	6
51	21	24
-45	15	24
51	18	27
-48	12	27
-45	24	-12
51	36	-6
51	6	42
48	9	33
-48	0	48
-45	3	36
-63	-48	24
12	-30	-6
0	12	60
54	12	-27
-30	9	-24
30	-57	54
66	-33	21
-66	-39	18
21	-3	-18
-18	-3	-21

// Njiboer M, 2014: Tracking > Baseline
// Subjects=19
18	-58	-23
-48	-73	-2
48	-58	-2
39	-10	52
-54	-22	43
66	-28	25
18	-55	61
-15	-19	7

// Subjects=0

// Subjects=0

// Misra G, 2015: Force Only > Baseline
// Subjects=15
5	13	45
0	-3	60
1	6	48
-43	2	6
-27	-4	2
-14	-19	9
-38	-15	56
-28	-92	-3
-42	-72	-1
-30	-51	57
-18	-75	-47
39	11	6
28	3	5
12	-19	7
38	-6	56
30	-96	-3
35	-85	4
45	-39	49
33	-46	52
16	-74	-45
23	-56	-21
58	9	28
47	-62	-1
62	-22	38
63	-32	22

// Lindberg P G, 2007: Healthy controls
// Subjects=6
63.03	-28.05	20.65
18.26	-7.27	73.14
57.15	-26.9	67.7
21.43	11.88	71.19
14.15	-13.83	3.26
-37.95	-61.8	-24.72
45.99	21.46	-34.39
-53.59	-21.46	28.71
-54.21	29.67	-9.96

// Szaflarski J P, 2006: Healthy controls
// Subjects=10
-32.63	-20.3	51.54
34.7	-19.9	50.73
-32.62	-20.22	52.65
34.7	-19.9	50.73

// Hanakawa T, 2002: Complex finger-tapping > Visual fixation
// Hanakawa T, 2002: Complex finger-tapping > Simple finger-tapping
// Subjects=10
-39.2	-10.1	57.59
-56.7	1.36	43.31
-28.53	8.67	51.07
38.56	5.28	56.99
-2.57	8.97	52.84
8.3	13.89	58.89
-.27	3.43	62.31
-41.51	-15.6	44.73
-47.76	-31.4	59.85
20.35	-52.02	-26.68
-27.02	1.57	-2.04
-24.08	7.39	60.09
38.53	5.07	54.77
-26.17	-42.37	56.08
-28.14	-47.52	70.07
-1.21	-49.55	-22.07

// Harrington D L, 2000: Condition 1 > Rest
// Harrington D L, 2000: Regions activated by fingers
// Harrington D L, 2000: Regions activated by transitions
// Harrington D L, 2000: Regions activated by fingers (excluding repeated 
// sequences)
// Harrington D L, 2000: Regions activated by transitions (excluding repeated 
// sequences)
// Subjects=15
20.76	-105.87	-5.67
-9.47	-103.64	-3.13
-26.84	-101.03	-8.7
-38.02	-21.38	63.17
-58.77	-18.75	46.46
-41.04	-79.26	-16.21
-27.17	-53.14	-24.64
5.46	-57.96	-9.03
21.44	-48.62	-24.79
36.6	-61.43	-24.9
-4.61	-55.79	49.2
-14.25	61.48	-4.82
-2.18	-45.43	-12.38
16.78	-53.35	-52.26
19.39	-71.92	-21.33
-51.2	-60.28	38.11
-54.54	-43.49	34.26
-59.85	-38.42	42.82
47.17	-47.41	44.12
36.36	0.6	53.01
30	-36.75	55.69
-27.15	-44.22	-21.04
-51.2	-59.12	39.11
-58.79	-39.69	40.68
55.94	-30.07	56.83
-19.57	-62.25	61.3
-25.25	-3.12	51.06
-18.76	26.55	58.1
-44.78	9.37	47.92
-50.49	23.43	26.45
-49.66	36.87	9.42
-37.69	51.78	18.95
-33.16	-6.81	23.55
-49.38	-48.53	14.5
-56.29	12.75	-7.13

// Jack A, 2011: Conjunction Analysis: IMI & OBS & EXE
// Subjects=15
-34	-40	42
38	-84	8
-58	10	22

// Kapreli E, 2007: Fingers > Rest
// Kapreli E, 2007: Knee > Rest
// Kapreli E, 2007: Ankle > Rest
// Kapreli E, 2007: Toes > Rest
// Subjects=18
-38	-26	52
-4	-8	54
-46	-28	18
-28	-2	8
-18	-22	10
38	-24	50
28	-4	10
16	-18	4
22	-52	-24
8	-66	-22
24	-50	-24
16	-68	-48
-40	-28	48
-2	-6	64
-4	-54	-8
-10	-52	-20
-20	-66	-50
-16	-40	64
-2	-24	66
-12	-6	44
-24	-26	64
-40	-28	20
-32	-16	8
-18	-22	10
12	-38	64
0	-24	68
10	-6	42
12	-22	72
30	-26	20
28	-10	16
20	-18	-2
22	-38	-20
20	-32	70
36	-28	24
4	-50	-16
14	-40	-22
20	-50	-50
-12	-34	66
-12	-6	44
-44	-28	20
-32	-14	8
-26	-24	20
-2	-48	-8
-14	-38	-18
-22	-60	-40
-8	-42	66
-4	-26	62
-8	-8	46
-12	-28	76
-34	-24	16
-30	-14	6
6	-38	66
2	-24	68
8	-12	52
10	-24	72
40	-30	20
32	-14	8
18	-22	12
22	-42	-24
52	-28	20
4	-70	-42
12	-40	-22
24	-50	-50
-12	-40	76
-8	-8	48
-46	-28	20
-28	-8	-12
0	-48	-8
-16	-36	-22
-6	-42	68
-4	-18	74
-4	-8	52
-4	-18	74
-56	-34	20
-28	-10	10
-22	-22	22
4	-38	70
0	-26	70
8	-4	44
12	-22	72
34	-24	18
32	-2	6
44	-32	22
4	-46	-8
14	-40	-24
-12	-6	58
-52	-32	20
-28	-10	10
0	-44	-8
-14	-38	-24

// Walz A D, 2015: Conjunction over task and time: Fist clenching
// Walz A D, 2015: Conjunction over task and time: Finger sequence
// Walz A D, 2015: Conjunction over task and time: Writing
// Subjects=15
-51	-24	42
-36	-12	54
-3	-6	60
9	-2	60
-57	6	27
-36	-45	57
-33	-42	54
-51	-31	44
-42	-69	3
45	-66	0
27	-65	-19
-45	-27	42
45	-30	45
-42	-36	45
42	36	45
-27	-6	51
27	-6	51
-6	-3	60
0	3	57
-57	3	39
54	3	39
-12	-96	-3
15	-96	3
-33	-12	48
-27	-51	57
33	-48	54
-36	-9	54
27	-6	54
-3	-6	60
-57	6	27
57	9	21
-35	-45	57
30	-54	54
-51	-27	39
-42	-72	0

// Terry D P, 2012: Control, Athletes
// Subjects=20
-51	-22	45
48	-22	51
42	-3	12
-2	-1	54
62	11	25
51	-21	18

// Post M, 2009: All Conditions > Rest
// Subjects=12
-38	-20	62
-30	-22	70
-22	-24	72
-32	-28	56
-24	-26	60
-60	-22	14
-36	-28	48
-36	-32	58
-26	-30	72
-34	-40	60
-50	-24	50
-50	-18	52
-52	-18	16
-4	-12	56
-2	-22	48
4	-14	54
12	-52	-12
20	-54	-22
16	-58	-18
12	-60	-16
30	-58	-26
26	-62	-24
30	-68	-26
16	-74	-20
12	-70	-44
6	-62	-46
6	-58	-12
6	-64	-24
0	-60	-20
4	-72	-32
6	-68	-44
4	-72	-34
-16	-72	-28
-4	-56	-12
-12	-56	-20
-20	-64	-38
-8	-62	-46
28	-6	6
-16	-30	12
-14	-30	6
-12	-26	8

// Alkadhi H, 2002: Tongue Movements > Rest, Both Sessions
// Alkadhi H, 2002: Tongue Movements > Rest, Baseline
// Alkadhi H, 2002: Tongue Movements > Rest, Follow Up
// Subjects=12
-52	-5	29
56	-6	28
-52	-5	29
56	-6	28
-51	-6	33
56	-7	31

// Alkadhi H, 2002: Tongue Movements > Rest
// Subjects=12
61.17	-2.42	26.66

// Valera E M, 2010: Healthy Controls
// Subjects=19
-63	6	18
-6	0	63
-12	-27	63
-18	-21	78
-36	-12	63
-33	-27	72
-39	-21	54
-51	-15	45
-51	-9	12
-24	45	27
-9	-15	45
-15	-9	-24
-54	-21	21
-27	21	9
-42	3	-3
-45	6	6
-48	9	3
-51	-39	24
-27	-15	6
-30	-6	-3
-15	-18	3
15	-54	-18
12	-66	-51
6	-66	-36
63	6	21
42	24	-6
45	48	-3
42	45	-6
54	3	45
39	42	30
63	3	9
60	-3	45
57	-6	42
27	54	30
15	54	30
60	-54	42
57	-39	51
54	-54	51
48	-36	27
48	6	0

// Aoki T, 2005: Index Finger - Rest
// Aoki T, 2005: Ring Finger - Rest
// Aoki T, 2005: Ring Finger - Index Finger
// Aoki T, 2005: Double Finger Tapping - Rest
// Aoki T, 2005: Right and Little Fingers - Index and Middle Fingers
// Aoki T, 2005: Double Finger Tapping - Single Finger Tapping
// Subjects=10
-36	-28	58
-36	-28	58
-54	-30	44
-4	-8	54
-58	6	24
-58	-54	10
-38	-4	4
18	-56	-20
-36	-28	60
38	-18	70
-38	-26	62
-58	-22	40
-8	-8	50
38	-20	62
-36	-4	2
-50	-6	8
-46	-34	28
-48	-66	2
-64	-18	26
38	-38	46
18	-58	-20
28	-56	-28
-28	-22	64
-28	-14	70
40	-22	56
38	-32	50
-34	-60	-30
-34	-16	66
-40	-24	64
38	-18	66
30	-56	-30

// Aramaki Y, 2006: Parallel
// Aramaki Y, 2006: Mirror
// Aramaki Y, 2006: Phase Transition
// Aramaki Y, 2006: Asymmetric Activation, Phase Transition
// Aramaki Y, 2006: Asymmetric Activation, Parallel
// Aramaki Y, 2006: Asymmetric Activation, Mirror
// Subjects=15
32	-28	58
30	-16	68
-42	-28	58
-60	4	28
-58	-2	38
-48	-38	52
0	2	64
6	-8	66
-8	-4	72
56	12	14
42	16	6
24	-4	8
-26	-6	12
-18	-20	8
14	-18	10
22	-66	-20
-26	-54	-22
-2	-72	-18
34	-28	58
30	-14	68
-42	-26	58
-2	-10	56
-54	-26	12
-16	-54	-18
26	-58	-22
10	18	60
-8	14	58
24	12	58
44	2	44
10	36	26
-8	14	44
58	12	24
32	48	-4
30	18	-6
6	-24	26
-8	-34	24
-6	18	18
-40	16	0
-54	8	20
-40	-8	38
42	-44	54
-44	-46	46
-30	42	22
8	-8	0
-6	-12	-2
8	-18	-12
-18	-62	-40
28	4	62
28	2	50
54	10	22
48	-32	50
44	46	10
54	-42	46
22	58	14
32	-26	54
32	-12	62
-8	-4	70
-28	-56	-18
30	-28	62
-52	-40	16

// Boecker H, 1998: Weighted Mean Performance of All Motor Sequences vs. Rest, 
// Activations
// Boecker H, 1998: Weighted Mean Performance of All Motor Sequences vs. Rest, 
// Deactivations
// Boecker H, 1998: rCBF Correlated Inversely with Increasing Levels of 
// Complexity of Motor Sequences
// Subjects=7
-34.88	-16.67	55.93
-39.23	-23.48	52.19
-.46	8.56	48.36
4.13	-2.52	67.31
-50.21	-22.64	38.85
-21.76	-57.04	59.7
-4.36	-58.27	68.49
-33.17	-33.16	17.19
-35.57	-2.1	5.19
-5.27	-27.93	2.75
-11.87	-13.48	-3.05
44.97	-36.78	43.11
55.66	-22.27	37.01
19.13	-73.45	42.7
59.7	8.41	20.46
24.86	17.26	2.25
22.88	-14.24	9.88
27.09	0.25	3.89
33.67	3.23	12.45
-52.66	8.01	22.41
42.59	-82.24	16.27
51.28	-64.36	23.32
48.86	-72.82	1.79
-41.56	-68.52	29.8
-57.15	-39.16	0.26
-26.33	-82.95	35.45
-11.86	58.79	12.21
0.9	68.23	-2.39
-13.61	40.01	40.99
-38.03	45.99	-8.49
-16.32	35.85	-3.37
-9.19	-59.9	28.39
8.05	-62.38	23.86
-55.18	-18.72	-10.76
-18.37	65.15	11.69
9.55	64.01	-2.12
-5.45	40.76	2.68
51.28	-64.36	23.32

// Catalan M J, 1999: Control Subjects
// Subjects=13
-43.56	-23.5	52.27
-8.95	-1.27	58.44
-9.05	8.95	52.95
-15.49	-1.71	54.12
-30.46	-57.49	55.41
-41.49	-28.57	43.77
-17.49	-72.75	52.22
21.28	3.09	57.5
36.43	-49.16	48.96
42.85	-32.12	47.17
19.22	-68.36	51.16
3.22	-64.01	-16.24

// Goerres G W, 1998: Unimanual Right Finger Press vs. Rest
// Goerres G W, 1998: Bimanual Symmetric Finger Press vs. Rest
// Goerres G W, 1998: Bimanual Asymmetric Finger Press vs. Rest
// Goerres G W, 1998: Bimanual Symmetric Finger Press vs. Unimanual Right 
// Finger Press
// Goerres G W, 1998: Bimanual Asymmetric Finger Press vs. Unimanual Right 
// Finger Press
// Goerres G W, 1998: Bimanual Asymmetric Finger Press vs. Bimanual Symmetric 
// Finger Press
// Subjects=6
-32.71	-18.79	56.1
-30.46	-13.7	64.52
-26.13	-44.29	58.51
-54.68	-30.28	26.24
-8.87	-7.24	63.52
-7	8.12	44.03
-13.97	-15.2	1.64
-20.46	-10.97	1.33
-.88	-60.24	1.39
57.71	-38.39	25.12
12.58	2.64	53.21
12.54	13.28	52.16
5.88	14.14	38.74
16.28	-12.96	0.9
24.93	-1.88	4.14
9.87	-62.74	-3.03
-36.94	-29.02	61.67
-34.84	-12	59.95
-32.56	-43.9	63.06
-54.68	-30.28	26.24
-4.7	0.45	53.72
-4.79	8.55	48.44
-7	8.12	44.03
-18.23	-14.8	6.15
-.93	-62.78	-2.84
42.95	-29.16	55.84
40.77	-9.61	58.42
34.43	-45.79	62.11
57.7	-34.14	24.7
10.47	5.18	57.48
10.39	11.14	52.4
10.23	7.77	39.29
18.49	-27.85	2.34
9.86	-58.49	-3.45
-41.4	-21.36	52.02
-32.62	-13.7	64.56
-26.07	-46	63.16
-54.6	-34.12	31.1
-.33	3.01	57.87
-2.58	11.1	52.63
-2.75	11.98	39.1
-20.39	-14.8	6.19
-24.7	-3.77	9.65
-3.07	-60.45	-.79
36.51	-24.51	59.97
40.78	-11.73	58.63
27.95	-45.81	62.22
59.86	-34.13	24.67
10.48	3.05	57.69
8.27	13.68	56.67
8.05	12.02	38.91
14.19	-16.81	5.8
25	-3.59	8.79
7.71	-62.75	-2.99
40.86	-30.88	60.53
36.45	-9.62	58.5
36.58	-41.53	61.65
-.44	2.18	48.99
-33.34	55.3	21.89
40.85	-28.75	60.32
38.59	-3.23	57.83
27.97	-52.19	62.85
3.88	2.2	48.92
-57.04	-20.9	11.9
6.05	0.08	49.09
5.99	17.09	47.41

// Hanakawa T, 2003: Movement AND Imagery
// Hanakawa T, 2003: Activations In Relation To Response Movement
// Hanakawa T, 2003: Activations Associated With Task Performance
// Subjects=10
-45.53	-37.46	63.77
-39.33	-40.58	41.56
-39.25	5.96	57.12
-59.07	7.45	28.18
53.81	-35.29	58.5
41.8	8.58	57.73
-.47	15.05	48.84
33.41	-69.84	-22.9
-33.59	-72.42	-23.74
-44.13	44.41	20.91
-54.04	-18.3	-6.34
56.01	19.32	-11.93
-28.93	-94.99	-1.42
-24.85	-2.68	-1.66
-45.53	-37.46	63.77
53.85	-37.21	60.93
19.32	-68.7	59.03
-37.06	6.18	59.31
-39.17	-20.84	57.53
-55.83	7.46	28.12
38.56	8.57	57.78
1.71	4.32	48.75
40.15	51.4	22.14
5.69	33.51	27.86
6.07	19.95	54.97
-20.5	-82.38	-16.26
35.56	-58.99	-21.77
40.33	-90.62	7.06
-28.79	-97.25	8.89
14.44	-79.46	13.12
-7.15	-86.02	13.01
-31.4	-72.2	-21.56
35.52	-63.66	-25.79
-54.04	-18.3	-6.34
-41.61	-34.93	33.2
56.18	-17.7	-6.03
48.75	44.53	17.07
-24.84	-3.74	-1.55
-21.64	-12.76	-6.32
-39	-37.02	68.1
46.41	-63	-19.31
-41.42	4.79	56.16
-22.06	6.36	48.95
-45.76	-33.7	46.59
53.53	6.42	45.41

// Kawashima R, 2000: Memory Timed Finger Movement - Rest
// Subjects=8
-38.99	-4.51	63.67
-51.93	-1.38	50.17
50.67	8.2	54.88
7.94	8.12	57.61
-56.58	7.85	4.85
54.49	14.52	-1.45
-49.72	-24.81	49.88
56.99	-32.22	26.98
-24.59	-58.48	-30.11
26.67	-58.52	-35.15

// Kawashima R, 1999: Increased Blood Flow, All Movements Compared to Rest
// Kawashima R, 1999: Increased Blood Flow Correlated With Increased Movement 
// Frequency
// Subjects=6
-30	-28	50
2	4	56
-12	-8	44
-32	-26	46
-60	-8	42

// Kuhtz-Buschbeck J P, 2003: Motor Execution, Simple, Right Hand vs. Baseline
// Kuhtz-Buschbeck J P, 2003: Motor Execution, Complex, Right Hand vs. 
// Baseline
// Kuhtz-Buschbeck J P, 2003: Motor Execution, Simple, Left Hand vs. Baseline
// Kuhtz-Buschbeck J P, 2003: Motor Execution, Complex, Left Hand vs. Baseline
// Subjects=12
-36	-24	52
-52	-20	48
-36	-12	68
12	-56	-24
-12	-4	56
-36	-24	52
-56	-20	44
-40	-16	68
36	-52	64
44	-40	48
16	-56	-24
-36	-56	-32
-8	-4	60
32	-24	56
32	-24	68
64	8	16
44	-24	20
16	-24	8
-56	-40	52
-60	-24	40
-20	-56	-20
-4	4	56
32	-24	64
40	-20	64
40	-40	44
56	8	32
12	-16	12
-52	4	40
-52	8	28
-16	-12	16
-48	-40	52
-20	-56	-24
20	-64	-24

// Lehericy S, 2006: Simple - Rest
// Lehericy S, 2006: Scale - Rest
// Lehericy S, 2006: Complex - Rest
// Lehericy S, 2006: Complex - Simple
// Lehericy S, 2006: Complex - Scale
// Lehericy S, 2006: Scale - Simple
// Subjects=12
-40	-14	50
-2	-4	56
-42	-26	22
-34	0	0
28	4	14
-18	-2	12
12	2	0
-14	-16	8
-44	-24	56
-2	-2	56
-6	2	46
-46	6	6
-48	-20	28
-22	16	4
22	18	6
-18	14	4
-20	2	0
-14	-16	-2
-14	-16	2
-36	-22	56
-6	-4	54
-2	0	52
-26	-8	52
28	-2	40
-10	6	42
16	8	38
-60	10	24
50	16	12
34	30	16
-52	-20	32
-46	-26	52
-20	-66	62
30	-64	52
-32	-40	46
40	-50	44
-10	-66	56
-24	-20	14
-24	4	0
26	10	16
-14	14	4
20	12	20
-18	-10	2
20	-6	0
-12	-12	-4
10	-12	-6
-14	-12	10
-36	-22	58
-2	-4	50
-4	2	48
-30	-10	58
34	0	62
-8	8	38
14	6	38
-56	8	32
54	-10	30
32	48	18
-52	-26	38
56	-20	36
-44	-30	50
46	-40	58
-14	-62	68
24	-64	56
-32	-38	48
34	-42	48
-8	-64	54
-28	20	8
-24	14	12
18	10	2
8	16	10
-12	-2	16
-14	4	4
16	6	4
-12	-12	-4
14	-12	-4
-10	-10	12
10	-2	10
0	6	52
-14	0	52
38	-4	46
38	28	16
-44	-36	48
34	-44	48
-28	-60	58
26	-66	56
-26	-54	48
-8	-64	54
26	12	14
-18	-24	22
10	-12	-6
-14	-14	12
8	-16	18
-34	-28	60
-4	-6	52
-24	-10	62
-36	-46	66
-30	8	4
14	12	2
14	12	2

// Muller J L, 2002: Healthy Subjects
// Subjects=10
35.78	-36.18	46.51
25.74	-11.03	1.02
-23.43	-5.95	2.28
-20.3	-62.69	-29.8

// Riecker A, 2003: Main Effect All Frequencies
// Subjects=8
3	3	54
-6	-15	54
-45	-24	60
-15	18	3
-12	-21	3
-21	6	-9
24	-51	-33
33	-51	-57

// Sadato N, 1997: Normals, Group 1
// Subjects=12
-34.83	-14.13	60.16
38.63	-13.87	58.88
-32.78	-30.26	48.27
36.36	-30.01	47.07
-20.73	-61.09	-29.56
28.96	-58.78	-30.64
-22.64	-6.72	0.95
24.9	-6.55	0.12
-7.37	-29.65	7.44
16.37	-23.18	6.39
-32.59	-35.39	62.22
36.58	-56.83	58.68
8.26	2.63	53.28
-36.95	-24.77	61.25
36.46	-11.75	58.71
-32.78	-30.26	48.27
36.36	-30.01	47.07
-20.73	-61.09	-29.56
13.95	-60.13	-21.29
-22.64	-6.72	0.95
24.9	-6.55	0.12
-18.31	-8.83	1.08
16.37	-21.06	6.18
-30.37	-50.27	63.66
17.22	-65	64.3
6.16	0.91	57.97
59.7	6.28	20.67
-1.19	-25.32	-15.51

// Sadato N, 1997: Normals, Group 2
// Subjects=9
-32.65	-20.5	60.75
-2.64	-2.5	45.01
20.46	-66.49	-20.77
45.06	-14.26	54.33
3.79	-2.89	40.46
-5.4	-68.3	-15.67
9.66	-97.14	-26.51
34.11	-21.93	41.83
-56.82	-6.06	32.84
-34.88	-16.67	55.93
45.06	-14.26	54.33
12.35	3.11	35.24
-3.24	-68.29	-15.7
9.59	-64.82	-25.23
-28.5	-34.91	44.18
40.7	-34.25	47.41
-15.5	-14.89	50.94
27.7	-10.48	49.77
-22.62	-13.1	1.58
63.9	9.72	11.29
1.3	-22.82	11.1
-37.04	-16.68	55.96
45.06	-14.26	54.33
-30.71	-22.15	42.95
34.11	-21.93	41.83
-15.5	-14.89	50.94
27.7	-10.48	49.77
-16.3	-58.11	-20.97
28.97	-60.91	-30.43
-16.06	-16.92	6.33
3.46	-22.81	11.06
-20.49	-4.58	0.7
27.14	-14.64	5.36
63.91	7.59	11.5

// Samuel M, 1997: Control Subjects
// Subjects=6
-32.7	-20.92	56.31
-2.58	-2.08	49.45
6.01	10.71	48.04
-37.22	-.49	45.4
57.38	5.03	7.39
-52.45	-31.99	30.85
-35.62	-2.51	0.75
-13.94	-21.58	2.27
-37.55	-2.98	18.76
-34.87	-18.8	56.14
38.62	-27.05	55.7
-17.57	-7.68	59.23
8.18	8.59	48.21
-52.66	8.01	22.41
55.22	2.89	7.63
-52.45	-31.99	30.85
53.47	-29.07	33.24
27.93	-54.74	58.62
-33.46	-2.5	0.71
33.51	-.14	-.66
-13.95	-19.45	2.06
-35.39	-2.98	18.72

// Yoo S S, 2005: Group-Level Finger Tapping Activation
// Subjects=10
-40	-15	56
-36	-16	63
42	2	50
-4	7	53
4	3	53
-44	-28	55
52	-23	42
-48	-40	54
40	-38	55
-52	-27	12
59	-19	10
-18	-20	-1
6	-16	-1
-27	8	-5
-18	-61	-26
20	-54	-24
0	-65	-15

// Calautti C, 2001: Young Subjects
// Subjects=7
-40	-20	52
-44	-6	12
-52	-26	20
-54	-26	34
-10	-10	68
-26	-6	44
-18	-20	42
18	-48	-16
-12	-58	-20
56	-24	24
38	-24	50
56	-24	24
64	-34	22
-14	-50	-18
-52	-26	20
-46	-4	14
20	-60	-18
30	8	6
32	-8	4
28	-16	12

// Calautti C, 2001: Older Subjects
// Subjects=7
-38	-26	60
-60	-24	20
-8	-10	50
14	-54	-14
44	-26	54
6	2	50
62	-28	20
-2	0	74
-10	-54	-16
26	-60	-24
54	2	12
24	0	14
-26	12	18
-26	-8	16

// Dettmers C, 1995: Comparison Between Movement and Rest
// Subjects=6
-26.08	-18.89	69.19
-6.9	-3.97	67.72
-28.25	-19.25	64.78
-9.02	-19.13	64.55
-32.56	-19.62	60.4
-4.82	-8.88	59.18
-15.49	-19.86	55.77
-32.61	-15.73	55.62
-.61	-.73	53.99
-32.63	-26.99	47.64
-2.73	-22.58	46.93
-36.97	-18.9	42.55
-47.66	-27.76	38.96
-49.83	-28.12	34.55
-49.86	-28.46	30.12
-47.76	-28.79	25.66
-47.79	-31.25	21.41
-49.95	-33.72	17.18
-43.58	-20.99	16.04
-37.24	-4.04	14.54
-39.41	-4.39	10.14
-39.43	-6.85	5.88
-28.78	1.67	5.04
-39.47	-5.08	1.27
-26.68	3.46	0.41
8.06	-3.88	67.54
8.02	-2.11	62.93
48.57	-33.19	42.77
48.53	-31.42	38.16
50.63	-31.75	33.7
52.72	-27.85	28.89
52.69	-28.19	24.46
52.65	-28.53	20.02
48.24	9.51	16.88
54.74	-22.52	15.04
46.07	9.15	12.48
54.71	-24.98	10.78
56.83	-29.54	6.68
39.61	2.08	4.22

// Haslinger B, 2002: Activation During Performance of Finger Movements 
// Regardless of Complexity
// Haslinger B, 2002: Regions Showing Positive Correlation of BOLD-Contrast 
// Increases With Sequence Complexity
// Subjects=8
-12	-15	8
-26	-6	4
-8	-5	48
14	1	53
50	-27	40
44	-31	35
14	-15	10
-59	10	11
-57	9	33
-42	-19	56
-38	-3	54
28	-50	-24
6	-66	-34
51	9	-11
55	14	9
-28	-57	-22
-32	-48	52
46	-42	44
-42	-31	44
-28	-54	56
22	-53	63
14	-60	49
-32	-80	30
-46	5	20
-28	0	44
14	-56	-24

// Jancke L, 2000: Auditory Synchronization > Rest
// Jancke L, 2000: Auditory Continuation > Rest
// Jancke L, 2000: Visual Synchronization > Rest
// Jancke L, 2000: Visual Continuation > Rest
// Subjects=8
-52	-8	44
-44	-20	52
-56	-24	44
-32	-28	64
-4	-4	52
-64	-28	16
-64	-36	28
-48	-36	52
56	-32	32
12	-64	-48
4	-56	-12
-16	-20	-4
-52	-8	44
-44	-20	52
-56	-24	44
-32	-28	64
-4	-4	52
-64	-36	28
-48	-36	52
56	-32	32
12	-64	-48
4	-56	-12
16	-48	-24
-44	-4	56
-44	-16	56
0	0	60
44	-4	56
56	8	40
-44	-32	52
-56	-32	44
40	-56	48
52	-40	48
48	-48	52
16	-48	-24
-12	-88	0
4	-80	4
-44	-4	56
-44	-16	56
0	0	60
-32	-12	60
-52	-20	44
-44	-32	52
-56	-32	44
40	-56	48
52	-40	48
48	-48	52
20	-52	68
16	-48	-24

// Subjects=0

// Jancke L, 2000: Right Fast, Left Slow
// Jancke L, 2000: Right Slow, Left Fast
// Jancke L, 2000: Right Fast
// Jancke L, 2000: Right Slow
// Jancke L, 2000: Left Fast
// Jancke L, 2000: Left Slow
// Subjects=11
-40	-20	48
28	-16	60
0	0	56
-40	-16	48
32	-28	52
-4	-4	48
-44	-20	44
-40	-20	48
-8	-4	48
40	-24	48
40	-24	48
0	-8	44

// Lacourse M G, 2005: Novel, Move vs. Rest
// Lacourse M G, 2005: Skilled, Move vs. Rest
// Subjects=54
-26	-4	58
-32	-18	48
40	32	26
34	-18	54
6	2	56
-6	-6	52
-42	-32	44
-24	-56	58
-36	-40	50
48	-34	44
20	-58	58
40	-44	52
-22	-56	-28
20	-56	-28
4	-62	-20
-32	-20	-6
-14	-20	8
10	-16	-8
-56	8	22
-26	-12	52
54	10	12
28	-10	54
2	-2	62
-10	-26	44
-38	-28	46
-32	-48	52
38	-54	48
-20	-56	-24
20	-56	-26
4	-62	-16
22	-8	22
-28	-2	-8
30	-4	8
-16	-22	6
18	-14	10

// Larsson J, 1996: Self Paced Movement - Reference
// Larsson J, 1996: Visually Triggered Movement - Reference
// Subjects=8
-1.81	14.35	42.7
-34.83	2.06	51.92
-51.88	-9.59	54.21
-51.29	15.11	1.95
-14.09	46.12	-13.35
-41.52	40.92	32.01
36.34	14.58	0.98
-50.75	-26.58	54.5
60.27	-38.03	34.12
-20.28	-27.39	-13.8
-14.71	-60.17	2.26
-21.34	12.29	4.07
49.41	12.83	32.21
46.01	42.62	18.59
29.89	31.63	1.86
33.14	18.96	2.88
48.65	-42.19	50.21
28.43	-71.21	48.42
-45.42	-38.78	47.66
50.32	-53.66	-15.76
49.18	-33.58	-17.43
-39.38	-70.06	-13.35
-7.01	-81.93	22.96
-1.9	-77.78	-6.44
-11.67	-59.67	-19
-5.16	-10.27	13.58

// Lutz K, 2000: Random > Rest
// Lutz K, 2000: Regular > Rest
// Subjects=10
-48	-16	48
-60	-20	20
44	-4	44
4	0	60
-8	4	56
48	4	24
28	-8	48
-52	16	-4
-24	0	60
16	-52	-24
4	-60	-16
-32	-56	-28
-48	-68	8
64	-40	8
-44	-68	8
-48	-68	8
48	-68	0
-60	-20	20
-40	-12	60
4	0	60
-8	-4	60
48	-68	0
-44	-68	8
16	-52	-24

// Mattay V S, 1998: Non-Dominant Hand Simple Motor
// Mattay V S, 1998: Dominant Hand Simple Motor
// Mattay V S, 1998: Dominant Hand Random Motor
// Subjects=8
-41.34	-7.77	59.64
-52.29	-15.43	47.14
-39.13	-5.22	63.83
3.83	14.96	47.66
-.38	2.6	53.43
-43.32	-39.27	67.27
-41.44	-26.03	48
13.83	-72.02	-33.55
55.69	-15.47	40.82
-54.57	-14.15	38.08
40.59	-21.9	41.71
40.7	24.84	59.5
-52.48	5.01	36.15
3.93	4.74	53.15
-4.78	6.42	48.65
44.81	-38.02	29.79
51.57	-38.05	52.09
24.78	-7.38	-8.76
-20.55	-2.87	-3.95
-1.24	-71.65	-28.85
36.56	-8.79	67.38
-36.82	-15.02	73.73
45.19	-19.81	63.84
34.34	23.52	68.7
-34.71	-2.25	72.43
3.96	11.54	56.96
-.34	5.14	57.66
36.7	-29.65	73.92
47.11	-45.69	39.47
-41.28	-22.66	61.11
55.52	13.9	33.43
-54.61	11.8	40
22.59	1.12	-9.56
-22.85	2.67	-13.43
9.52	-74.16	-33.27

// Riecker A, 2006: Younger Subjects
// Subjects=10
3	15	51
-36	-21	54
-9	18	9
-12	-21	6
-21	6	9
33	-51	-54

// Riecker A, 2006: Older Subjects
// Subjects=10
3	12	51
-45	-21	51
39	-24	54
39	0	54
-15	21	6
-9	-18	6
-18	9	6
36	-54	-51

